1,[1.69237,0,1.6,1.69728,0,1.59701,1.63263,2.89552,3.72454,1.6449,1.27547,1.63606]
2,[0.762241,0,2.28571,1.7545,0.29251,1.5415,1.62309,0.511284,2.99549,1.47578,1.10138,2.29954]
3,[1.60717,0,3.15609,1.27535,0,2.70734,1.45044,0.620311,2.50738,1.68516,0.23619,1.57638]
4,[1.59237,0,1.69123,1.66013,1.27006,2.53643,1.66013,0,1.69123,1.59237,0.325713,3.38284]
5,[2,0,1.56616,2,0.596734,1.6079,1.64659,1.8931,2.57022,1.57233,1.07977,1.70579]
6,[1.35522,0,2.54663,1.65536,0.41316,1.69918,1.69699,0.343461,1.70341,1.58201,0,2.28571]
7,[1.46552,0,2.46139,0.725282,1.2317,2.46138,1.47787,1.23536,2.46077,1.29811,1.75012,3.25517]
8,[0.76559,0,2.98794,1.66255,1.54641,1.73084,1.78279,0,1.51808,1.60466,1.5734,2.98047]
9,[1.48872,0,3.51245,1.65174,0,1.6,1.58002,1.50825,3.27769,0.914346,0.210389,3.3549]
10,[1.61194,0,2.28571,1.49586,4.77807e-07,2.28571,0.733444,1.15818,2.28061,1.71805,5.69662e-07,1.77778]
11,[1.49876,0,2.27717,1.60749,0.937348,1.67363,1.74937,1.11583,2.29372,0.730688,0,2.28571]
12,[1.6263,0,1.59068,1.76556,2.05508e-07,1.77778,1.69249,0,1.81323,1.47173,0.831926,3.69367]
13,[1.59662,0,3.12535,1.5966,0.420739,1.73103,1.63585,0,2.59424,1.63586,0.420811,1.73102]
14,[1.59773,0,1.45455,2,0,1.49752,1.60934,0.0820581,2.94558,0.771604,1.54979,2.90752]
15,[1.72345,0,2.28571,0.731583,1.10712,2.29458,1.49398,1.06807,2.29974,1.7084,0.479186,1.72453]
16,[1.61155,0,1.57288,1.6902,0,1.5746,1.59006,0.203238,3.06773,0.777123,1.76116,3.0532]
17,[1.64019,0,1.65248,1.58057,1.91816,2.75567,1.41243,0.902889,3.77428,1.1198,0,3.73914]
18,[1.69563,0,1.6,1.76175,1.09695,2.12901,0.799686,0,2.13544,1.76333,0.00178448,1.59982]
19,[1.67959,0,1.94738,1.51234,0.213293,2.25524,1.64374,0,1.59499,1.75001,0.985402,1.66829]
20,[1.32589,0,2.24332,1.56008,0.275645,1.68355,1.55567,2.23241,3.74613,1.02915,1.20358,3.32402]
21,[1.3154,0,2.53103,1.66252,0.417598,1.68807,1.6938,0.392993,1.6968,1.59417,0.736827,3.05263]
22,[1.59976,0,1.6548,1.58556,0,2.50253,1.63867,0.121917,1.58781,1.58924,3.45614,3.91325]
23,[1.64069,0,1.6,1.69224,6.55865e-06,1.6,1.71258,0.407268,2.3982,1.32122,1.58051,3.01293]
24,[1.69106,0,1.69544,1.6003,0.34166,3.39087,1.6003,1.66614e-07,1.69544,1.69106,0.169373,1.69574]
25,[1.76049,0,2.2502,1.433,1.69886,2.81403,0.769111,0.136931,2.85975,1.62444,0,1.45455]
26,[1.35536,0,2.81138,1.3153,2.21494,3.61427,1.33695,2.94939,3.55972,1.34641,0.266497,2.1426]
27,[1.36978,0,2.23724,1.25532,0.562311,2.41781,1.67339,0,1.72996,1.6359,1.23842,3.69039]
28,[2,0,1.6,1.72609,1.34729,2.36558,1.57493,0,1.74601,2,0,1.57883]
29,[1.28452,0,2.69717,1.60177,0.0266774,1.73052,1.69808,0,1.74183,1.6183,1.38916,2.15877]
30,[1.52423,0,3.88951,1.68759,0,1.6,1.75662,1.22825,2.27337,0.752792,0.0919737,2.27258]
31,[1.43212,0,2.5933,1.64086,0,1.58462,1.65219,2.31167,3.42208,1.34633,1.08996,2.31755]
32,[1.6956,0,1.6,1.76234,1.09011,2.12998,0.798823,0,2.13504,1.76341,0.000678077,1.59993]
33,[1.60631,0,3.88781,1.51513,0.480343,2.39499,0.755712,1.68375,2.38604,1.7031,0.121765,1.7078]
34,[1.24244,0,3.37289,1.59658,0.0263277,1.66411,1.69139,0,1.6694,1.69073,1.34817,2.69635]
35,[1.59876,0,3.2,1.38723,0,2.15222,1.60517,0.79397,1.61674,2,0.0202782,1.59784]
36,[1.35774,0,2.86026,1.57354,0.238905,1.71762,1.69525,0.236572,1.70877,1.62184,1.152,2.39269]
37,[1.69997,0,3.95313,1.43412,1.67496,2.81253,0.746336,0.143947,2.85362,1.63116,0,1.45455]
38,[1.63108,0,2.09727,1.42192,0,2.60868,1.48911,0.595361,2.51717,1.66361,0.268649,1.57314]
39,[1.33346,0,2.31084,1.36687,0.153214,3.27107,1.33293,1.10493,2.10236,1.38876,1.2467,2.87412]
40,[1.75767,0,1.58998,1.70077,0,1.57943,1.65279,1.25666,2.10619,1.62274,0,1.77778]
41,[1.49553,0,2.28571,0.730366,1.15045,2.28665,1.70971,0,1.82297,1.57356,0,2.28085]
42,[1.63898,0,1.6,2,0.436621,1.66171,1.68146,0.348704,1.67688,1.61821,0,3.52607]
43,[1.51527,0,1.72427,1.51527,0.830563,3.45632,1.61142,0.00027045,1.59997,1.61142,0.830563,3.45632]
44,[1.60446,0,3.78685,1.59923,0.755119,1.62901,1.6125,0,2.69663,1.60241,0.457164,1.79569]
45,[1.30824,0,2.51929,1.35416,0.553625,2.1562,1.70463,0.432784,1.55672,1.61308,0.655531,3.06889]
46,[1.63629,0,2.59506,1.63629,0.431236,1.72986,1.70048,0.458042,1.71481,1.70048,0.431242,1.72986]
47,[1.40422,0,2.19381,1.40422,2.24522,2.74995,1.2996,1.54455,2.75136,1.2996,2.24522,2.74995]
48,[1.63952,0,2.5887,1.63952,0.430981,1.72562,1.58255,0.411557,3.11357,1.58255,0.430981,1.72562]
49,[1.63659,0,2.60054,1.64094,0.182921,1.57315,1.75578,0.0057264,1.77714,1.69135,0.440345,1.72885]
50,[1.42731,0,4,1.56921,0.314195,1.70806,1.61564,1.21302,2.13598,1.38027,0.757192,3.56634]
51,[2,0,1.69626,1.71844,1.93551,2.62081,0.730355,0.586208,2.63483,1.76962,0.144432,1.56306]
52,[1.67324,0,1.6,1.76142,0,1.77609,1.59944,0.371224,2.23268,1.30931,0,2.09806]
53,[1.50901,0,2.95756,0.774964,1.55634,2.94576,1.59017,0,1.4962,1.61456,0,2.95978]
54,[1.61003,0,1.68963,1.69198,0,1.69803,1.65599,2.11394,2.5506,1.23871,3.33974,3.43317]
55,[1.50729,0,2.6347,0.773701,1.45564,2.60431,1.44424,0,2.38933,1.33945,0,2.19616]
56,[1.60813,0,1.45455,1.77025,1.80138,3.64659,1.45488,1.03876,4,1.38227,1.53782,2.87069]
57,[1.5098,0,2.92356,1.62567,1.3132,1.49834,1.61334,1.47354,2.91851,0.767681,0.063597,2.89855]
58,[1.57572,0,2.87129,1.66607,1.2543,1.63841,1.63021,1.19125,3.37745,1.516,0.254382,1.71919]
59,[1.64411,0,1.72132,1.64411,0.446823,2.57772,1.37564,0,2.18543,1.37564,0.446823,2.57772]
60,[1.69327,0,1.6,1.63866,0.725339,2.6913,0.744644,2.05671,2.6995,1.75012,0.011938,1.59881]
61,[1.61936,0,3.13755,1.58325,0.0894162,1.69234,1.5316,2.70649,3.32338,1.68587,0,1.595]
62,[1.31788,0,2.49176,1.3227,0.684179,3.50789,1.31378,0.0925442,2.22453,1.37684,1.71035,3.52695]
63,[1.49518,0,2.28571,0.787479,1.12331,2.29302,1.52497,1.11061,2.76648,1.39792,0.383759,3.12325]
64,[2,0,1.59925,1.70572,3.59765,4,1.70749,0.792,1.60125,2,0.0431023,1.5778]
65,[1.3487,0,4,1.70326,0.349573,1.6101,1.68631,0.241323,1.63981,1.6008,0.534276,3.16752]
66,[1.65066,0,1.6,1.61584,0.264543,2.13394,1.62961,0,1.74098,1.57835,0,2.60777]
67,[1.67737,0,1.66662,1.56277,0,3.33594,0.856869,1.17727,3.35463,1.38503,0.424745,2.49768]
68,[1.73147,0,1.5569,2,0.586564,1.6951,1.68232,0.500516,1.72216,1.61977,3.52207,3.87878]
69,[1.69889,0,1.7106,1.69889,0.152605,1.6765,1.60019,2.1661,2.76678,1.60019,0.152605,1.6765]
70,[1.36766,0,2.08984,1.44797,2.03342,2.73333,0.769314,0.632013,2.76329,1.49706,0.49707,2.88012]
71,[1.49482,0,3.55796,1.46985,0,2.28571,0.824267,1.11946,2.29247,1.40206,0.0250187,3.42029]
72,[1.75641,0,1.6,1.69529,0,1.6,1.62085,1.77891,3.11055,1.60129,0,1.77778]
73,[1.55588,0,1.67602,1.68925,0,1.66924,1.55592,0.198595,3.34234,0.663851,1.47732,3.34821]
74,[1.72298,0,2.33731,1.72392,0.291308,1.57604,1.61533,0.0495468,3.15288,1.60403,0.274535,1.57255]
75,[1.69335,0,1.59554,1.74262,0,2.46341,0.741499,1.21496,2.46417,1.74631,0.0106102,1.59894]
76,[1.69282,0,3.99259,1.39222,0.973084,3.00538,1.32743,0.304397,2.45903,1.69593,0,1.53728]
77,[1.62027,0,3.1457,1.61968,0.00116544,1.59988,1.70006,0,1.6,1.69999,0.0220836,1.59779]
78,[1.57581,0,3.14267,1.61256,0,1.5973,1.61902,3.4628,3.72591,1.60052,0.386591,1.73482]
79,[1.62995,0,1.6,1.62548,1.32349e-23,3.14285,1.61763,1.49213,1.61199,1.6126,2.91705,3.20088]
80,[1.64686,0,3.64739,1.35123,0.495578,2.18339,1.33821,1.53712,3.25093,1.59969,0.170038,1.583]
81,[2,0,4,1.33656,2.78892,3.1137,1.58561,1.04437,1.6033,2,0,1.45455]
82,[2,0,1.67646,1.6831,0,1.68484,1.59159,3.52354,3.98819,1.70905,0.724088,1.59735]
83,[0.730256,0,2.52968,1.46051,0,2.52968,0.730256,1.26484,2.52968,1.46051,1.26484,2.52968]
84,[1.62754,0,3.8598,1.62754,0.420571,1.71438,1.57438,0.104182,2.28437,1.57438,0.420571,1.71438]
85,[1.63122,0,1.57546,1.78792,0.683081,1.70188,1.6545,0.299387,2.54221,1.37334,1.33411,2.09513]
86,[1.41541,0,2.66661,1.41541,1.52018,2.28936,1.42793,0.781523,2.53641,1.42793,1.52018,2.28936]
87,[1.7744,0,1.45455,1.66507,2.028,3.98134,1.56968,1.22897,1.69276,1.62303,2.54009,3.63994]
88,[1.37443,0,2.79297,1.19207,1.40749,3.72398,1.74353,0.30457,1.60651,1.70694,0,2.38832]
89,[1.52897,0,2.28571,0.78649,1.09266,2.30084,1.49816,2.55535,2.92397,1.3249,3.14818,4]
90,[1.56991,0,2.19438,1.33329,0.585224,2.83804,1.47206,0.0180254,3.06492,1.54917,0.428174,1.81304]
91,[1.75399,0,1.77778,1.60244,2.1169,3.14925,1.33704,0.89951,2.14752,1.60695,1.14774,1.61493]
92,[1.47162,0,2.40876,1.28424,1.35635,3.1252,1.33325,2.22801,2.44422,1.40421,1.7657,2.03347]
93,[0.777978,0,3.04308,1.57163,0,1.53419,2,0,1.52788,1.5846,1.62349,3.00212]
94,[0.754414,0,2.59363,1.41879,3.36801,3.50993,1.3486,0.710335,2.14785,1.45551,1.32194,2.58196]
95,[1.72588,0,3.8973,1.4913,0.210577,3.82566,0.811483,1.53697,3.77427,1.67681,0.281405,1.57186]
96,[0.747758,0,2.8073,1.70396,0,1.6,1.69154,0,1.58728,1.73619,1.48493,2.79326]
97,[1.2961,0,2.53195,1.3393,2.76537,3.04323,1.65399,0.735935,1.62015,1.58721,0.487885,3.35827]
98,[1.28032,0,3.10014,1.62622,0.815984,1.67608,1.5977,1.09959,2.35398,1.38172,0,2.66667]
99,[0.766404,0,2.87197,1.50608,2.84098,2.89279,1.62903,1.24366,1.47563,1.60664,1.37502,2.8987]
100,[1.6272,0,3.61275,1.43839,0,3.4132,1.1117,0.982723,3.37858,1.619,0.629139,1.68871]
101,[1.59641,0,4,1.6151,0.332663,1.72663,1.63651,0.273146,3.06277,1.63502,0,1.58874]
102,[1.63163,0,3.83218,1.40178,0.93097,3.35962,1.58646,0.519378,1.78246,1.76311,0,1.6]
103,[1.64968,0,1.58917,1.63672,0,2.59839,1.63824,0.443712,1.72848,1.61658,1.96993,3.50752]
104,[1.4795,0,2.1298,0.863044,1.01352,2.14093,1.46124,1.24096,2.98512,1.37926,0.493533,3.87662]
105,[2,0,1.52311,2,0.609825,1.71002,1.66503,0.0789928,2.60423,1.63585,0.289166,1.57108]
106,[0.752308,0,2.78192,1.50599,0.0186011,2.76013,1.68841,0,1.57415,1.74781,1.48367,2.76653]
107,[1.59963,0,1.77559,1.61463,1.33405,2.66441,1.61249,0,1.6,1.58909,0,4]
108,[1.39749,0,2.1192,1.35815,0.950652,3.52785,1.35594,1.21631,2.11196,1.4064,0.14559,2.62518]
109,[2,0,1.53754,2,0.77815,1.52218,2,0,1.53754,2,0.8735,1.51265]
110,[1.58142,0,1.71982,1.70406,0.0697373,1.70734,1.70406,0,1.71982,1.58142,2.05894,2.28001]
111,[1.59327,0,3.38888,1.59327,0.334474,1.69374,1.63459,0.347666,2.96704,1.63459,0.334474,1.69374]
112,[1.36464,0,2.19922,1.3585,0.601015,2.74448,1.3585,1.80226e-07,2.19922,1.36464,0.609151,2.19869]
113,[1.6075,0,3.15962,1.60208,0,1.71253,1.68324,0.165449,1.67973,2,0,1.5848]
114,[0.777978,0,3.04308,1.57163,0,1.53419,2,0,1.52788,1.5846,1.62349,3.00212]
115,[1.59071,0,3.38644,1.27368,2.07951,2.54667,1.6568,1.66116,1.69582,1.69008,1.63397,1.68686]
116,[1.68275,0,1.70762,2,0,1.5646,1.63536,1.31496,3.6432,1.62795,0,1.7182]
117,[1.70123,0,1.58666,1.75373,0.450847,2.22131,0.776859,1.54196,2.22758,1.7412,1.20958,1.64338]
118,[1.36368,0,3.13626,1.59342,0,1.59128,2,0.0437933,1.59562,1.6211,1.92193,3.71703]
119,[1.40737,0,2.21733,1.60096,0.0161402,1.77073,1.50596,0.779869,3.59993,1.406,1.11245,2.48126]
120,[0.759858,0,2.28571,1.75619,0.201698,1.55966,1.75922,0,1.77778,1.70932,1.15303,2.28232]
121,[1.38248,0,2.28571,1.56472,1.49576,1.70215,1.72188,2.03719,3.95939,1.17254,1.12535,3.95531]
122,[1.62541,0,3.08913,1.40153,0.683876,2.10842,1.41356,1.24082,2.10845,1.64287,0,1.57133]
123,[1.63172,0,3.67255,1.6349,0.289206,1.57108,2,0,1.5131,2,0.268306,1.57317]
124,[1.58781,0,1.57303,2,0.600809,1.57987,1.57499,2.83167,4,1.33615,1.71085,3.07629]
125,[1.5772,0,3.90775,1.5772,0.292275,1.67467,1.58376,1.99719,2.99908,1.58376,0.292275,1.67467]
126,[1.31557,0,3.64825,1.6847,1.20365,1.6218,1.70769,0,4,1.29416,1.91845,2.57722]
127,[1.71125,0,1.6,1.61124,0.788405,2.66912,1.41092,0.580828,2.20274,1.30379,1.57732,3.72514]
128,[1.30229,0,3.08485,1.58848,0.355415,1.7122,1.68833,0.63494,1.67928,1.59575,0.961724,3.91596]
129,[1.75326,0,1.6,1.62031,2.43662,3.72139,1.44882,0.736182,2.68445,0.731731,2.05535,2.69885]
130,[1.67427,0,2.49141,1.33052,0.828988,2.88572,1.34346,0.123878,3.48094,1.60147,0.406714,1.66413]
131,[1.68621,0,1.59795,1.74757,2.06902,3.94905,1.08007,1.26691,3.36569,1.65654,0,1.6]
132,[0.760346,0,2.64217,1.42935,1.74282,3.5643,1.31663,0,2.15077,1.45165,1.43557,2.60838]
133,[1.41658,0,3.40197,1.59097,0,1.66429,1.67053,2.06028,2.50675,1.31026,0.190337,3.1253]
134,[1.40207,0,2.57446,1.32781,0.0791758,3.18416,1.57755,0.99124,1.81827,1.57072,1.02563,2.15458]
135,[1.40349,0,4,1.16509,0.668028,2.09485,1.45337,0.0596561,2.26867,1.21118,0.659526,2.44682]
136,[1.66179,0,2.54333,0.740621,1.28073,2.53849,1.72748,1.03795,1.64627,1.74594,1.29161,1.81231]
137,[1.62254,0,1.6,1.75119,0.0881996,2.63167,0.730661,1.40812,2.6277,1.44636,2.98129,3.70844]
138,[1.34241,0,2.33102,1.62235,0.977848,1.66913,1.57818,2.36293,3.89365,1.10554,3.42901,3.87521]
139,[0.734261,0,2.28571,1.50655,1.58131,3.01945,1.32804,1.06552,2.30273,1.47619,1.11414,2.29359]
140,[1.68639,0,2.46135,1.61875,0.496596,1.77074,1.58451,1.36831,3.31984,1.60221,1.22904,1.64122]
141,[1.60915,0,1.65996,1.68379,0,1.65754,2,0.00103666,1.5999,1.60675,1.34711,3.31901]
142,[1.36617,0,3.95421,1.59697,0.136745,1.71234,1.66559,1.39774,2.56754,1.24647,2.10805,2.60176]
143,[1.4524,0,2.08383,1.33288,3.08315,3.42852,1.45173,0.0430012,2.6595,0.766651,1.49356,2.62724]
144,[1.35035,0,2.313,1.56303,0.000273701,1.85072,1.73495,0.263661,1.65307,1.61678,1.59286,2.31337]
145,[1.69261,0,1.6,1.74413,0.152264,2.57036,0.734031,1.45269,2.56284,1.7462,3.71969e-05,1.6]
146,[1.63629,0,2.59506,1.63629,0.431244,1.72986,1.70048,0.458043,1.71481,1.70048,0.431241,1.72986]
147,[1.34807,0,3.10791,1.59161,0.366432,1.71697,1.69537,0.256088,1.73134,1.57172,0.602347,2.28198]
148,[1.69527,0,1.6,1.61643,0.79781,2.13722,1.3792,1.28731,2.84821,1.65192,0,1.58904]
149,[1.29616,0,3.67227,1.62411,0.418338,1.7313,1.59693,0.0256288,2.08918,1.37989,0.585026,2.70199]
150,[1.59096,0,1.5763,1.69016,0.0247254,1.57136,1.61027,1.77746,3.05203,0.777355,0.206635,3.06995]
151,[1.48744,0,2.56877,0.744262,1.30584,2.5701,1.49272,1.36368,2.57129,1.32161,0.181718,2.13242]
152,[1.40638,0,3.95821,1.56024,0.263795,1.69984,1.55706,2.22504,2.27261,1.34458,1.06795,3.4311]
153,[1.43132,0,2.69995,0.767263,1.50329,2.65318,1.44784,0,2.09826,1.30409,3.08263,3.48097]
154,[1.70006,0,1.6,1.62012,0,3.14548,1.62012,2.65041e-05,1.6,1.70006,0,1.6]
155,[1.63654,0,1.69133,1.71611,0,1.86436,1.59442,0.786369,2.09244,1.42966,1.34296,2.09386]
156,[1.65868,0,1.68797,1.59321,2.01887,2.24976,1.58713,0.651579,1.80655,1.60205,0.413964,2.53129]
157,[1.59883,0,1.73007,1.62616,0.879527,2.16007,1.30432,1.4008,2.34606,1.38598,3.08975,3.57624]
158,[1.3781,0,2.23272,1.49141,0.451007,2.1081,1.62602,0.185809,1.58142,1.58954,2.75019,3.91521]
159,[1.47825,0,2.47089,1.30509,2.46646,3.72751,1.51445,0.94459,2.50924,0.721856,2.24073,2.50665]
160,[1.60533,0,3.16614,1.40347,0,2.12706,1.3791,0.436131,2.7879,1.69738,0.0347729,1.59652]
161,[1.40448,0,2.19391,1.60521,0.693962,1.66571,1.69597,0.549047,1.68583,1.57005,1.9304,2.81392]
162,[1.42495,0,2.45704,1.72199,0,1.51366,1.6037,1.64886,2.96175,0.770925,0.188047,2.94987]
163,[1.3172,0,2.5521,1.337,1.33183,2.93363,1.36341,0.453321,2.14138,1.46283,0,2.28074]
164,[0.730256,0,2.52968,1.46051,0,2.52968,0.730256,1.26484,2.52968,1.46051,1.26484,2.52968]
165,[1.33951,0,2.68213,1.59669,0.197532,1.69412,1.59669,2.23144,2.68213,1.33951,1.02458,3.39824]
166,[1.43421,0,3.54972,1.62571,0,1.72221,1.68512,0.303357,1.67293,1.61145,0,3.33556]
167,[1.71325,0,1.57593,1.63249,1.3292,2.09583,1.45235,1.72994,2.76925,0.763794,0.365275,2.75956]
168,[1.34907,0,3.63645,1.65119,0.0511918,1.59488,1.58446,0.0155271,2.36604,1.35304,0.716379,2.8544]
169,[1.75339,0,1.59723,1.63297,1.28984,2.45169,1.59917,1.34296,1.62856,1.74113,0,1.77778]
170,[1.69524,0,1.6,1.70562,1.20604,1.64377,1.70562,0,1.6,1.69524,1.23839,1.64018]
171,[1.58756,0,2.92639,0.772946,1.55832,2.87964,1.47608,1.58429,2.8659,2,0,1.47401]
172,[1.42883,0,2.61455,1.25439,1.31762,3.26302,1.33315,1.42106,2.56904,1.3205,0.179295,2.18982]
173,[1.58877,0,3.9237,1.35497,1.93675,2.98557,1.63046,0.61445,1.70951,1.78982,0,1.59052]
174,[1.38649,0,2.11219,1.37717,1.58512,2.63975,1.31316,2.04546,3.59693,1.29027,1.15053,3.65849]
175,[1.36347,0,2.47259,1.259,0.79251,2.47267,1.63836,1.00231,1.76892,1.59169,0.589227,3.71254]
176,[1.65615,0,3.63136,1.61517,0,1.45455,1.61996,3.50978,3.71866,1.62144,0.0382755,1.59617]
177,[2,0,1.55222,2,0.566232,1.59097,1.6027,0.342413,3.2689,1.76084,0,1.45455]
178,[1.55087,0,1.63972,1.59309,1.3674,3.27945,1.49416,1.2998,3.27945,0.772442,0.071456,3.27945]
179,[1.6903,0,1.69469,1.62656,2.31608,3.13843,1.33873,0.393878,3.84145,1.63946,0,1.70474]
180,[1.5596,0,1.75011,1.5596,0.0266593,2.63046,1.31304,3.29821,3.94631,1.31304,0.0266593,2.63046]
181,[1.55773,0,2.10976,1.37148,3.20107,3.49123,1.37148,0,2.10976,1.55773,0.3578,1.7576]
182,[1.34789,0,2.34988,1.31175,0.679144,2.90708,1.66668,0.277656,1.659,1.59911,0.603631,3.84909]
183,[1.65389,0,2.88418,1.3287,1.65865,2.32458,1.73766,0.486958,1.5513,2,0,1.6]
184,[2,0,1.45455,1.65382,0.179122,2.84007,1.16613,1.61221,3.77768,1.62784,0.306276,1.74375]
185,[1.43006,0,2.09593,1.64482,0.381342,1.6817,1.63205,2.43371,2.75946,0.767639,1.10209,2.74148]
186,[1.36546,0,3.99479,1.58196,0.330744,1.70231,1.68977,0.482032,1.68585,1.63449,2.81202,3.11494]
187,[1.33192,0,2.52157,1.71319,0,1.55034,2,1.07003,1.65889,1.65176,0.521697,2.57972]
188,[1.70776,0,1.59328,1.61878,0.25774,2.12637,1.63601,0.680176,1.7022,1.60304,2.74602,3.98189]
189,[1.713,0,1.6,1.5916,1.36966,3.1989,1.08368,2.3955,3.19245,1.35912,1.99951,2.40188]
190,[1.60947,0,2.28571,1.37067,2.40885,3.37669,1.31843,1.39563,2.24157,1.56321,0,1.68047]
191,[0.645192,0,3.34507,1.5528,0.228,1.67267,1.68762,0.144109,1.67267,1.5528,2.04588,3.34507]
192,[1.62762,0,3.01245,1.62762,0,1.71953,1.6999,0.0192299,1.70659,1.6999,0,1.71953]
193,[1.23033,0,2.37225,1.66252,0.25916,1.72675,1.56478,1.15582,2.88456,1.38997,1.24459,3.87604]
194,[1.35706,0,2.09919,1.34654,1.21077,3.12087,1.18984,2.06421,3.63212,1.31519,1.59572,2.53086]
195,[1.32608,0,3.96415,1.32323,0.311984,3.20736,1.37325,2.90156,3.76776,1.37561,0.717578,2.62715]
196,[2,0,1.53917,1.68803,0,3.48635,1.62038,0.360573,1.65726,2,0.0190655,1.59809]
197,[1.56471,0,2.51365,1.31562,1.24511,3.34737,1.17188,2.13755,3.35081,1.60624,0.131042,1.67585]
198,[1.61144,0,3.61276,1.27414,2.20334,2.85768,1.34782,0.252852,3.56088,1.64128,0.0965131,1.44577]
199,[1.28219,0,3.35444,1.59804,0.0679938,1.69081,1.68996,0,1.69046,1.66095,1.26944,2.53459]
200,[1.76,0,1.6,1.61645,0.270411,2.13042,1.40442,3.32719,3.76056,0.853338,2.09662,3.7392]
201,[1.61906,0,1.7004,1.66618,1.29721,2.54423,0.729008,0.033027,2.54651,1.47871,0.38793,3.82027]
202,[1.46625,0,2.25242,1.24855,1.67917,2.13949,1.52424,0.251756,2.42966,0.772627,1.52407,2.41266]
203,[2,0,2.95611,1.41959,1.21007,2.62938,0.750727,0,2.60543,1.78209,0.970463,1.50295]
204,[1.58751,0,3.96585,1.58751,0.321321,1.6912,1.69862,0.25,1.70705,1.69862,0.321321,1.6912]
205,[1.59116,0,3.8572,1.32244,1.80614,3.09879,1.64234,1.31337,1.63185,2,0,1.56212]
206,[1.7112,0,1.6,1.61593,0.796017,2.13499,1.33207,0.391012,3.40615,1.35462,1.19631,2.40304]
207,[2,0,1.6,1.55192,0,3.17821,0.884111,1.13825,3.17776,1.5509,1.04069,1.59094]
208,[2,0,1.6,1.60238,1.85626,3.92705,1.72361,0,1.55352,2,0.0192687,1.59807]
209,[1.49943,0,2.55992,0.727394,1.24146,2.56422,1.71853,0.778252,1.69131,1.68579,1.96424,3.40292]
210,[1.30114,0,2.37149,1.70038,0.0278681,1.77297,1.70038,0,2.37149,1.30114,1.72292,3.56927]
211,[1.59182,0,1.57881,1.6303,0.994024,2.501,1.67028,0.573964,1.66901,1.58663,0.850553,3.88965]
212,[1.47028,0,2,1.66281,0.325144,1.70552,1.64077,1.71677,2.09441,1.3306,0.434863,2.52171]
213,[0.831532,0,3.28168,1.55853,0.00714256,1.64775,2,0.591097,1.52486,1.78198,1.03654,3.58973]
214,[1.67496,0,2.87592,1.508,2.50652,3.03256,1.35077,0.0834067,2.22408,1.7645,1.21441,1.47856]
215,[1.66685,0,2.07636,1.20004,1.19573,4,1.10004,0.118416,3.9704,1.58426,0.00481043,1.59952]
216,[1.49371,0,2.2051,1.37448,0.964071,2.50599,1.55362,0.796322,1.84308,1.62562,0.070898,1.99114]
217,[1.36244,0,3.88534,1.36242,0.363147,3.12737,1.59637,0.155364,1.56517,1.59621,0.362858,3.12743]
218,[1.32513,0,3.06356,1.62983,1.31504,1.58764,1.5931,1.55068,2.31409,1.44601,0.732918,2.54451]
219,[1.63449,0,1.57768,1.7181,1.87387,4,1.27032,0.904984,2.77776,1.3713,1.3478,2.09317]
220,[1.37016,0,2.19706,1.37016,0.606637,2.56556,1.64968,0.179237,1.71066,1.64968,0.606637,2.56556]
221,[1.59673,0,1.74102,1.59423,1.45313,2.41928,1.31683,2.71639,4,1.18042,1.44238,2.07966]
222,[1.69993,0,1.59871,1.68991,1.52781,2.06746,0.990107,0.39134,2.09375,1.67331,0.0324316,1.59676]
223,[1.41531,0,2.87443,1.57299,0.345139,1.71241,2,0,1.56879,1.59207,0.154106,3.83268]
224,[1.6329,0,2.96986,1.47222,2.74016,3.20514,1.3218,2.12038,2.53943,1.66329,0,1.69352]
225,[2,0,1.52352,2,0.137198,1.58628,1.67819,0.502723,3.5591,1.66118,0.767096,1.52329]
226,[1.3594,0,3.98792,1.46259,0,2.28571,0.786243,1.11673,2.29406,1.46996,0,2.94367]
227,[1.60742,0,1.77778,1.76118,0,1.59122,1.59746,1.36038,3.22428,1.2752,0.0765453,2.5757]
228,[1.46474,0,3.87106,1.71273,0,1.59571,1.75644,0.444967,2.69813,0.725349,1.79684,2.69847]
229,[1.61297,0,1.76414,1.61297,0,2.20332,1.36203,1.05244,2.98951,1.36203,0,2.20332]
230,[1.57389,0,1.71657,1.57185,1.38702,2.87777,1.57185,0,1.71657,1.57389,0.693488,2.40452]
231,[1.46051,0,2.52968,0.730256,1.26484,2.52968,1.46051,1.26484,2.52968,0.730256,0,2.52968]
232,[1.31266,0,3.05342,1.60644,0.0274598,1.69167,2,0.353255,1.55975,1.71873,0,3.5041]
233,[1.32426,0,2.50538,1.57173,0.140195,1.63663,1.63379,0,3.75334,0.903879,2.52823,3.74841]
234,[1.68251,0,2.48618,1.30616,1.30826,3.67294,1.36765,0.132716,2.21132,1.57979,0.408615,1.65773]
235,[1.24372,0,3.69958,1.35143,0.0125999,2.28391,1.68036,0,1.57862,1.58591,1.3728,2.76838]
236,[1.59658,0,3.37289,1.24244,1.34817,2.69635,1.69073,0,1.6694,1.69139,0.0263279,1.66411]
237,[1.31823,0,2.82529,1.4487,1.18337,2.52604,0.744048,0,2.50777,1.48183,0,2.50814]
238,[1.60166,0,1.70733,1.68851,1.50149,1.75826,1.69296,1.42844,2.36897,1.31905,3.06069,3.6508]
239,[1.62452,0,1.50517,1.59748,0.148631,2.95089,0.771627,1.70993,2.90796,1.51091,1.63567,2.94509]
240,[1.69979,0,1.719,1.69979,0.0160357,1.71544,1.64531,1.30597,2.57181,1.64531,0.0160357,1.71544]
241,[2,0,1.58273,2,0.575715,1.6329,1.68991,0.978215,2.45045,1.68991,0.575715,1.6329]
242,[1.46051,0,2.52968,0.730256,1.26484,2.52968,1.46051,1.26484,2.52968,0.730256,1e-08,2.52968]
243,[1.31752,0,2.40717,1.3286,1.28761,3.20225,1.6475,0,1.6,1.70955,1.23815,3.98735]
244,[1.67262,0,2.50267,1.36912,0,2.24509,1.64406,0,1.6,2,0.42311,1.66675]
245,[1.32995,0,3.03734,1.32995,0.933821,3.8814,1.58146,0.0659154,1.59019,1.58146,0.933821,3.8814]
246,[1.36507,0,2.80512,1.69125,0.00138274,1.59986,2,0.975399,1.57998,1.72263,0.617521,2.36071]
247,[2,0,1.6,1.68533,1.34166,1.6287,1.68533,0,1.6,2,0.982142,1.56069]
248,[1.69141,0,1.6,1.73438,0.426771,2.75245,0.736157,1.81097,2.75245,1.73438,0,1.6]
249,[1.69142,0,1.73275,1.63664,0,2.52195,1.24173,0.742623,2.5429,1.66074,0.305368,1.69719]
250,[1.60082,0,2.16415,1.45458,1.65703,2.70228,0.756488,0.235326,2.724,1.75044,1.36493,1.62051]
251,[1.58459,0,3.10668,0.777598,1.63814,3.07073,1.59468,0,1.56562,1.6903,0,1.56813]
252,[0.95899,0,2.97207,1.82081,0.378182,2.32113,0.67772,0.00891082,2.90749,0.880075,2.09382,3.37914]
253,[1.45933,0,3.83407,1.60637,0,1.55531,1.60507,0,3.06761,1.39242,0.122103,3.96947]
254,[1.11374,0,3.7701,1.45997,0,3.61468,1.66892,0,1.6,1.65274,2.85728,3.7553]
255,[1.29495,0,3.99001,1.56448,0.310845,1.70451,1.68863,0.289313,1.73737,1.68368,0.802501,2.43358]
256,[1.60121,0,3.38277,1.60121,0.340211,1.69095,1.69091,0.111806,1.70425,1.69091,0.340211,1.69095]
257,[1.66388,0,2.27234,1.62721,0,1.62078,1.62351,3.04274,3.73243,1.63019,0.145614,1.58544]
258,[1.36126,0,2.87248,1.5562,0.313104,1.71728,1.69148,0,1.77335,1.60264,0.43451,2.21928]
259,[1.61147,0,2.19019,1.61147,0.014127,1.74779,1.57167,2.00808,2.33199,1.57167,0.014127,1.74779]
260,[0.737879,0,2.76901,1.74646,0,1.56715,1.63469,0.79217,3.64952,1.45404,1.42247,2.76187]
261,[1.35622,0,2.14254,1.43434,0.568519,2.09879,1.23555,0.103866,3.97403,1.4527,0.950812,3.65271]
262,[1.76829,0,1.6,1.60992,1.3373,3.28617,0.924345,2.28761,3.37868,1.58622,0.126957,1.76367]
263,[1.6328,0,1.69992,1.68982,0,1.70343,1.6279,1.30926,3.60384,1.41286,2.09931,3.20132]
264,[1.34252,0,3.64025,1.30017,1.40776,2.37497,1.59228,0,1.70194,1.60768,2.05802,2.67012]
265,[1.40837,0,2.16525,1.62736,0.474731,1.72503,1.69279,0.662966,1.678,1.61655,2.68959,3.27504]
266,[1.62813,0,1.66747,1.67042,2.06798,2.50613,1.32495,1.16894,3.038,1.37642,1.55006,3.81032]
267,[1.50901,0,2.95756,0.774964,1.55634,2.94576,1.59017,0,1.4962,1.61456,0,2.95978]
268,[1.69652,0,1.76496,1.60152,2.19397,3.08913,1.62625,0.297438,1.60631,1.765,1.68564,1.7893]
269,[1.58895,0,1.6,1.63119,1.51244,3.3923,1.44738,0,2,1.4094,0.825462,2.39635]
270,[1.70747,0,1.6,1.61465,0.797792,3.73463,1.61465,2e-08,1.6,1.70747,1.19467,2.40201]
271,[2,0,1.6,1.59955,1.46805,3.17692,1.60741,0.122889,1.58771,2,0,1.51301]
272,[1.63213,0,3.01768,1.10799,2.02628,3.02052,1.63644,0.714865,1.72649,1.68945,0.874807,1.72561]
273,[1.63553,0,3.13456,1.60238,0.00619609,1.77709,1.7597,0,1.59929,1.6967,0,1.59852]
274,[1.3235,0,2.17286,1.39227,0.615947,3.49829,1.43549,0,3.84724,1.33634,2.61799,3.03026]
275,[1.58636,0,3.11254,1.3215,2.66427,3.90018,1.58598,1.29272,1.8048,1.75733,1.37299,1.60236]
276,[1.68626,0,1.6,2,0.0222554,1.59777,2,0,1.6,1.68626,0.366921,2.80816]
277,[1.69588,0,1.73625,1.58575,2.05211,3.48697,1.51947,0,2.42938,0.731591,1.22282,2.42868]
278,[2,0,1.52946,2,0.229205,1.61198,1.68942,0.0915047,1.6304,1.69385,0.42662,1.55734]
279,[1.50231,0,2.4628,0.746756,1.24752,2.45875,1.6833,0.0103774,1.75906,1.59721,2.67188,3.07781]
280,[1.2828,0,2.56715,1.34671,0.203313,3.64732,1.63121,1.47834,1.57048,1.59173,1.27752,3.21228]
281,[1.44795,0,2.17323,1.47442,0,2.08903,1.42525,0.546857,2.76006,0.782217,1.99681,2.73504]
282,[1.69946,0,2.86991,0.762272,1.4534,2.88885,1.59682,0,1.45455,2,6.20158e-05,1.59999]
283,[1.31724,0,2.20426,1.37391,0.3642,2.48239,1.67824,0.770018,1.65529,1.62712,1.10285,3.72429]
284,[1.38902,0,2.81429,1.5817,0.195274,1.7022,1.69411,0,1.73144,1.56287,0.790436,2.32583]
285,[1.60634,0,1.6,1.69066,1.621,2.80096,1.36473,1.07707,2.14799,1.36067,0.142585,3.20864]
286,[1.47183,0,3.08182,1.3475,1.29182,2.26079,1.47111,1.20093,2.57192,0.768908,0,2.55133]
287,[1.62081,0,3.3662,1.62081,0,1.64298,1.61082,0.29899,3.28658,1.61082,0,1.64298]
288,[1.29443,0,2.45125,1.30308,0.398822,3.28594,1.41032,1.322,2.09305,1.35289,0.911204,3.7722]
289,[1.66674,0,1.73456,1.64139,0.45559,2.09999,1.46468,0.0713172,2.57807,0.750319,1.35767,2.57915]
290,[0.988199,0,3.93922,1.59249,0.767103,1.69254,1.79754,0,1.57111,1.72451,1.1903,3.90803]
291,[1.40321,0,3.68855,1.36142,0.827852,2.41674,1.36846,0.555901,2.7882,1.35957,0,2.14436]
292,[1.54907,0,2.53926,1.30846,0.699542,2.53926,1.30846,1.51849e-06,2.53926,1.54907,0.150815,1.69284]
293,[1.65082,0,2.09569,1.40154,2.11036,3.09471,1.62864,0.289326,1.57107,2,0.816778,1.68196]
294,[2,0,1.59322,1.64507,0.695501,2.98495,1.63474,0.72117,1.69765,2,0.100893,1.58369]
295,[1.61919,0,3.65675,1.63701,0.199583,1.58004,1.60671,1.65309,3.14461,1.57408,0.271685,1.74102]
296,[1.61651,0,3.66951,1.62948,0.252847,1.57472,1.62948,0,3.66951,1.61651,0.33379,1.74069]
297,[1.41006,0,2.09153,1.51798,0,2,1.47526,0.92071,2.51322,1.30442,2.15395,3.13714]
298,[1.75758,0,2.28571,0.747648,1.09635,2.3003,1.75243,1.41508,1.5423,2,0.290873,1.54466]
299,[1.34224,0,2.40367,1.58314,0,1.6,1.58021,2.30361,2.43329,1.32234,3.00295,3.59011]
300,[1.74413,0,1.6,1.69261,0,1.6,1.74619,1.73311,2.56284,0.734031,0.425604,2.57036]
301,[1.7353,0,1.6,1.70759,2.00303,4,1.37317,0.130485,2.3529,1.27454,1.41314,3.8522]
302,[1.6928,0,1.6,1.75378,0.468554,1.79854,1.59632,0,2.16102,1.42524,0.417135,3.59033]
303,[0.767262,0,2.78951,1.43892,0.370968,2.09747,1.64851,0,1.64462,1.74379,1.50129,2.76279]
304,[1.18778,0,2.2275,1.50287,0.828621,2.52856,0.767729,2.17699,2.51291,1.46146,0.500082,2.34931]
305,[1.60748,0,3.96581,1.38805,0,3.03121,1.31438,0.822322,2.51661,1.66703,0.390333,1.68061]
306,[1.69141,0,1.6,1.73438,0.426771,2.75245,0.736157,1.81097,2.75245,1.73438,0,1.6]
307,[1.59282,0,1.70841,1.69102,0.104744,1.68835,1.6001,2.14069,2.78555,1.36998,1.35528,3.43594]
308,[1.36902,0,3.17129,1.36468,1.11448,2.1265,1.3204,2.24109,3.18607,1.37727,0.0533311,2.11675]
309,[0.738983,0,2.38863,1.70195,0.0278863,1.77468,1.56623,1.0567,3.19173,1.49441,1.17333,2.39575]
310,[1.25071,0,2.28515,1.47513,0,2.28571,0.731401,1.12361,2.29218,1.53331,0.939208,2.82421]
311,[1.41346,0,2.65454,1.24,1.33684,3.4998,1.60485,0,1.70801,1.63791,0.420878,2.13154]
312,[1.71858,0,1.56191,2,0.552895,1.67645,1.55423,2.04494,3.44691,0.865155,3.12129,3.51815]
313,[1.65984,0,2.85376,1.36303,1.66547,2.38909,1.31401,0.0397294,2.38754,1.7134,1.23907,1.59197]
314,[1.32311,0,2.61793,1.63048,0.00481764,1.59952,1.69187,0,1.6,1.67482,1.91117,3.63064]
315,[1.62493,0,1.75701,1.59508,0,2.2773,1.59169,0.109666,1.73836,1.63253,0.463127,2.63052]
316,[1.66663,0,2.52763,1.24234,0.843451,2.52609,1.29939,2.11484,3.348,1.59871,0.418434,1.68562]
317,[1.6837,0,1.6,2,0.145751,1.57085,1.63052,0.412182,3.03513,1.37288,7.6081e-06,2.28571]
318,[1.69668,0,1.69939,1.59955,3.07416,3.3914,1.61039,0.0426373,1.69436,1.69608,0,1.68414]
319,[1.32121,0,2.55114,1.49372,0,2.628,1.41439,0,2.09792,1.41373,2.02655,3.1449]
320,[1.47568,0,2.28571,0.776184,1.107,2.29407,1.71008,0.937282,1.67364,1.63961,0.804813,3.03679]
321,[1.63526,0,2.6004,1.31165,3.01185,3.46932,1.36904,1.9922,2.7721,1.58858,0,1.67413]
322,[1.6997,0,1.75467,1.60817,0.420808,2.19913,1.60817,1.19425e-07,1.75467,1.6997,0.197322,1.70975]
323,[1.70055,0,1.45455,1.69941,0.701284,2.4317,1.29167,1.47319,2.43449,1.33686,0.261711,3.23018]
324,[1.59146,0,1.70211,1.58802,1.36981,2.38191,1.58802,7.78612e-08,1.70211,1.59146,2.03719,3.40495]
325,[1.344,0,3.31623,1.5834,0.253837,1.65488,1.5834,2.13668,3.31623,1.344,1.04061,2.22006]
326,[1.73432,0,2.66667,1.61746,0.761794,1.60888,1.69946,1.16769,2.40968,1.70366,0,1.6]
327,[0.761684,0,2.9777,1.57402,0,1.49541,1.76247,3.39148,3.71608,1.41956,1.53786,2.96185]
328,[1.59882,0,1.77778,1.60324,0.46645,2.21097,1.38414,0.945135,2.5712,1.29577,0,3.1167]
329,[0.736307,0,2.12745,1.46269,1.9858,2.16863,0.717778,0.869912,2.1746,1.45173,0.927507,2.15321]
330,[0.999247,0,3.16203,1.5684,0.171132,1.58289,1.66478,0.493249,2.53304,1.34378,1.11234,3.15257]
331,[1.67534,0,2.49543,1.4001,2.33749,3.32479,1.28087,0.918514,2.79647,1.72356,0.414613,1.66346]
332,[1.68949,0,1.80691,1.60384,0.47981,2.1139,1.40225,0,2.53886,1.65258,0.397489,1.6997]
333,[1.5929,0,1.6,2,0.0628473,1.59372,2,0.66847,1.65318,1.62329,1.70982,2.36883]
334,[1.73438,0,1.6,1.69141,3.75e-08,1.6,1.73438,0.426771,2.75245,0.736157,1.81097,2.75245]
335,[1.29731,0,2.51028,1.38218,0.460077,2.15551,1.62606,0.372046,1.73644,1.61905,0.772825,3.04543]
336,[1.49079,0,2.28571,0.761113,1.08045,2.29769,1.76283,0.619781,1.53802,1.62392,2.35975,3.02132]
337,[1.75123,0,2.67,0.741898,1.32007,2.6783,1.45164,0.308667,3.72362,1.62528,0.484592,1.61844]
338,[1.59398,0,1.64219,1.62208,0.340993,2.95079,1.34915,0.12459,3.58721,1.27181,1.40283,2.73065]
339,[1.61831,0,2.6088,1.66339,0,1.6,1.6208,1.33025,3.20021,1.61988,0.977663,1.66915]
340,[0.918531,0,3.38953,1.56373,0,1.68068,1.56216,0,2.494,1.40315,2.27351,3.3713]
341,[1.64067,0,2.59478,1.31073,0.729334,3.15556,1.37951,0.0838539,2.2211,1.59679,0.436735,1.72925]
342,[1.69091,0,1.69095,1.60121,2.02768,3.38277,1.60121,1e-08,1.69095,1.69091,0.108728,1.70425]
343,[0.763524,0,2.77857,1.71456,0,1.58782,1.71415,0.340436,2.39247,1.43205,1.506,2.73633]
344,[1.39495,0,2.86559,1.56245,0.898871,1.70914,1.69198,0.827145,1.72653,1.51924,0,3.43972]
345,[1.7642,0,2.46187,0.739852,1.21306,2.46449,1.48685,0.722314,3.44781,1.64672,0.44044,1.55596]
346,[1.70137,0,1.72503,1.70137,0,1.72597,1.63844,0.428268,2.58932,1.63844,0,1.72597]
347,[1.6966,0,1.72948,1.5833,2.08448,2.73726,1.37514,0.963148,2.28329,1.56944,0.0229488,1.72608]
348,[1.59786,0,1.77778,1.59916,0,2.22368,1.58965,0.758626,1.68077,1.58741,2.20491,2.22787]
349,[1.6448,0,2.61725,1.63114,0.229266,1.57536,2,1.00642,1.55938,2,0.0285516,1.59714]
350,[1.43337,0,3.49934,1.30567,0.452166,2.09973,1.44895,2.12582,2.60699,0.757567,0.806676,2.61359]
351,[1.4327,0,2.17927,1.64245,5.8125e-08,1.6,1.63868,3.53746,3.68522,1.32199,0.46209,2.18252]
352,[1.59937,0,2.4978,1.59937,0,1.72917,1.56717,0.334979,2.42129,1.56717,0,1.72917]
353,[1.37365,0,2.94611,1.34377,0.218247,2.22593,1.46151,0.732145,2.0901,1.08666,2.04192,4]
354,[1.6282,0,1.5866,1.62671,2.4265,3.68536,1.49415,0,1.78682,1.55076,0.276791,2.62053]
355,[1.60599,0,1.6,1.61825,2.4069,3.72874,1.36654,1.36876,2.21041,1.32605,1.77389,3.11306]
356,[1.5942,0,2.89055,0.76611,1.57327,2.83044,1.59519,0.135738,1.7016,2,0,1.45455]
357,[2,0,1.73248,1.62884,2.16659,3.45835,1.37925,0,3.03845,1.61632,0,1.54151]
358,[1.47881,0,2.40069,0.763868,1.24958,2.39716,1.48798,0,2.18925,1.40744,0.625192,2.1964]
359,[0.754299,0,2.59343,1.78056,0.562527,1.54375,1.59316,0,2.28202,1.47675,1.43032,2.55195]
360,[1.70406,0,1.71982,1.58142,2.05894,2.28001,1.58142,1.55275e-07,1.71982,1.70406,0.0697377,1.70734]
361,[1.50609,0,2.54861,0.738083,1.2567,2.54706,1.47971,1.27357,2.52141,1.29208,0,3.14628]
362,[1.58302,0,1.67509,1.6316,1.32475,2.26449,0.74518,0.217421,2.25465,1.49725,0.241148,2.24426]
363,[1.6077,0,3.06116,1.33288,0.867807,2.52203,1.25063,0,2.53627,1.6577,0.383143,1.697]
364,[1.34514,0,2.52308,1.35055,0,3.14541,1.36145,0.601896,2.19973,1.4937,0.943221,2.15097]
365,[1.5927,0,2.08569,1.5927,0.382179,1.73147,1.60133,3.49887,3.70417,1.60133,0.382179,1.73147]
366,[1.63191,0,1.6,1.69018,0,1.63961,1.693,0,1.61188,1.60863,1.87833,3.20396]
367,[2,0,1.6,1.74271,1.21077,2.41986,0.73825,0.0122764,2.41937,1.756,0,1.56725]
368,[1.60776,0,3.13209,1.60719,0,1.59067,1.6408,1.26358,3.21,1.6368,0.848843,1.68346]
369,[2,0,1.59175,1.60634,2.9385,3.26537,1.35248,0.884997,2.44919,1.68956,1.27732,1.63522]
370,[1.36246,0,3.06761,1.58507,0,1.70519,1.633,0.389937,2.99256,1.24351,2.5153,3.03295]
371,[1.03835,0,3.40445,1.74121,0,1.5157,2,0.709048,1.69899,1.57126,1.01479,3.39831]
372,[1.63011,0,2.14776,1.36254,0.958138,2.93077,1.60641,0.747431,1.82962,1.73387,0.357082,1.67102]
373,[1.47995,0,2.43853,0.740794,1.22917,2.43594,1.50129,1.64865,3.58784,1.33371,2.77574,3.00143]
374,[1.57415,0,2.9728,0.77497,1.60087,2.92118,1.51029,1.59659,2.93719,1.6189,0,1.49752]
375,[0.744762,0,2.40555,1.51403,0,2.88883,1.65147,0.0215955,1.59784,1.72206,1.19757,2.40879]
376,[1.39913,0,2.20669,1.39989,0.651314,3.30608,1.31297,0.011249,3.26654,1.28843,1.95711,2.65359]
377,[1.33569,0,3.08741,1.14673,1.99613,3.13559,1.35919,0.889119,2.0994,1.43231,3.58458,3.80946]
378,[1.3511,0,2.28571,1.34848,1.60426,2.28659,1.57851,0.227775,1.71514,1.63068,2.49112,3.11447]
379,[1.76641,0,1.77778,1.69569,0.188025,1.74856,1.58397,3.56435,3.99569,1.70158,0,1.59353]
380,[1.69091,0,1.69095,1.60121,2.02768,3.38277,1.60121,8.28125e-08,1.69095,1.69091,0.108726,1.70425]
381,[1.59201,0,3.8333,1.60414,0.460568,1.80151,1.57372,0.0211692,2.54848,1.5782,0.278507,1.6418]
382,[1.5968,0,1.71944,1.62444,0,3.01402,1.58912,0.058214,1.59418,1.56587,2.51658,3.15803]
383,[1.56422,0,2.89989,1.66221,0,1.65339,1.66451,0.415551,3.71222,1.61387,0.83009,1.7497]
384,[1.32567,0,2.09011,1.59274,0.299782,1.74447,1.63224,0.783813,3.17373,1.35252,0.819816,2.53003]
385,[1.64134,0,2.10276,1.43047,0.224014,3.76579,1.09818,2.87305,3.83404,1.63809,0.788727,1.69014]
386,[1.6042,0,3.80252,1.60344,0.400451,1.80779,1.60675,0.505146,2.17534,1.60375,0.742229,1.63959]
387,[1.29159,0,2.43908,1.28382,0.77769,3.80558,1.74423,0.295065,1.61849,1.58274,0.534138,3.21148]
388,[1.72234,0,3.96566,0.765301,1.31465,3.95703,1.72357,0.117403,1.58826,2,1.18522,1.58686]
389,[1.71086,0,1.6,1.61977,1.33182,3.19955,1.29525,0.0332188,2.43439,1.3223,2.05494,3.98583]
390,[1.70495,0,1.6,1.7463,0.0134143,1.82034,1.7463,5.21094e-08,1.6,1.70495,3.59946,4]
391,[1.65596,0,1.67297,1.60298,0.747964,3.9145,1.17856,3.47705,4,1.2325,0.0394522,2.08812]
392,[0.65501,0,3.68736,1.50024,0.163969,3.60552,1.65999,0.322432,1.56776,1.70266,2.23057,3.4307]
393,[1.68686,0,1.63976,1.60651,1.92797,3.79534,1.62405,0.527542,1.75819,1.55135,1.2342,2.4598]
394,[0.780452,0,2.4689,1.50228,0,2.09531,1.37673,0,2.26233,1.46365,1.35455,2.44091]
395,[1.60113,0,3.37012,1.27469,0.72324,3.37022,1.27469,0,3.37012,1.60113,0.334293,1.68468]
396,[1.61046,0,3.04705,1.41659,0.974095,2.71928,1.35078,1.93229,3.38835,1.57975,0.0303707,1.6833]
397,[1.27644,0,2.61081,1.41586,1.04509,2.31562,0.802227,0,2.28571,1.51331,0.130196,3.00429]
398,[1.36702,0,4,1.57111,0.0733417,1.58967,2,0.577033,1.63686,1.67823,0.580294,2.86736]
399,[1.59612,0,3.59351,1.667,0.00407514,1.58549,1.71275,2.78041,3.95454,1.59205,0.743053,1.69522]
400,[1.31475,0,3.03827,1.38862,0,2.09582,1.3742,1.12437,2.80942,1.35044,2.73244,3.84898]
401,[2,0,1.69465,1.63275,1.31535,2.09763,1.40765,0.375208,3.12496,1.6007,0.237077,1.57629]
402,[2,0,1.6,1.61325,0.812688,3.73154,1.61629,0.0292589,1.59707,2,0,1.51173]
403,[1.69618,0,1.71444,1.69618,0.156505,1.67853,1.61277,1.49497,3.52815,1.61277,0.156505,1.67853]
404,[1.43357,0,3.85749,1.37372,1.19594,2.42645,1.69914,0,1.45455,1.60135,0,3.61137]
405,[2,0,1.5328,1.5998,1.66939,2.99884,0.773843,0.153318,3.00824,1.58071,0,1.5349]
406,[1.59889,0,1.69067,1.56155,0.820952,2.8251,1.37718,0.972675,2.12851,1.39273,1.38018,2.70061]
407,[1.48048,0,2.4513,0.729147,1.19404,2.46159,1.44515,0.714448,3.13237,1.25842,2.53373,4]
408,[1.68498,0,1.75419,1.56605,1.39258,2.36699,1.71907,0.193943,1.58061,2,0.196807,1.70461]
409,[1.59741,0,1.65245,1.70297,0,1.64082,1.69857,3.43907e-06,1.6,1.65604,0.76669,2.21867]
410,[1.4204,0,3.2,1.75226,0.989022,1.5011,1.59793,0.851554,3.00136,1.36772,2.81744,3.56106]
411,[1.6608,0,1.69244,1.59749,1.36084,2.36778,1.35398,0.166303,2.84186,1.36775,0.442108,2.53379]
412,[1.57309,0,2.29329,1.29983,1.01672,3.06096,1.63419,0.72748,1.60406,1.74863,0.445227,1.83435]
413,[1.20299,0,4,1.5972,0.197004,1.5803,1.71711,0.570426,2.37897,1.44833,0.738499,2.06637]
414,[1.6616,0,2.53553,1.39934,3.02749,3.96581,1.05176,0.154264,3.94868,1.57853,0.405799,1.69309]
415,[2,0,1.59526,1.74287,3.06725,3.8157,0.956317,1.95449,3.80602,1.62055,0.623964,1.61457]
416,[1.47559,0,3.14841,1.3881,0,2.28571,1.48232,1.90754,2.42045,0.742128,0.642088,2.43664]
417,[1.81822,0,1.45455,2,0.796306,1.62627,1.70298,1.19763,2.43949,0.730158,0,2.43353]
418,[1.61194,0,2.28571,1.49586,3.90212e-07,2.28571,0.733444,1.15818,2.28061,1.71805,4.01217e-07,1.77778]
419,[1.61678,0,3.61193,1.61678,0.412208,1.70822,1.6479,0,2.5594,1.6479,0.412208,1.70822]
420,[1.72479,0,1.45455,1.71181,1.21119,2.4258,0.741873,0,2.42415,1.49087,0.00418656,3.19916]
421,[1.58882,0,1.65267,1.598,1.94822,3.30485,1.598,0,1.65267,1.58882,1.93931,3.8544]
422,[1.67899,0,1.6,2,0,1.51436,2,0.225593,1.57744,2,0,1.6]
423,[1.32205,0,2.49974,1.67718,1.25708,1.66645,1.69042,1.23468,1.68161,1.61182,2.57369,3.71928]
424,[1.6249,0,1.59082,1.70299,1.62188,2.77923,1.34918,0.607157,2.19898,1.36297,2.41356,3.7004]
425,[1.55778,0,2.73418,1.67925,0.314762,1.56852,2,0.917017,1.59792,1.75401,0.926971,1.81875]
426,[1.62893,0,3.82932,1.33278,1.97232,2.53278,1.33457,0.253548,3.73839,1.61151,0,1.6]
427,[1.58776,0,2.57948,1.58776,0,1.72029,1.70276,0.0793469,1.70232,1.70276,0,1.72029]
428,[1.64,0,2.61824,1.63241,0.21074,1.57893,1.61259,0,3.15148,1.60954,0.00152304,1.59985]
429,[1.6528,0,1.67632,1.62952,1.92598,3.19785,1.36491,0,2.36306,1.34324,0.491626,2.91615]
430,[1.65126,0,2.56147,1.34834,0.924538,3.36938,1.37128,0.261323,2.39431,1.58001,1.27241,1.71032]
431,[1.68407,0,2.46052,0.746792,1.23979,2.46003,1.68357,0,1.75944,1.69206,0.167782,1.75914]
432,[1.37485,0,2.30566,1.68576,0,1.59709,2,0.566713,1.62506,1.67875,1.80911,2.83818]
433,[1.61731,0,1.59468,1.5954,0.0209318,3.99477,1.57593,0.261388,1.72559,1.57667,1.6296,3.12657]
434,[1.58799,0,1.75245,1.5897,1.8353,2.9621,1.30751,0.554066,2.29334,1.35478,2.14465,2.29594]
435,[1.58484,0,1.70843,1.60938,1.33993,3.46056,1.61351,0,1.6,1.64185,1.49472,2.26993]
436,[1.62798,0,1.69618,1.67576,0.377671,2.5553,0.728448,1.63737,2.56221,1.45086,0.00630714,3.81878]
437,[1.16913,0,4,1.70256,0.362328,1.60457,1.76604,0.873477,1.78764,1.61171,0.739468,2.07735]
438,[1.57888,0,2.82631,1.30835,0.691109,2.82977,1.30835,0,2.82631,1.57888,0.875686,1.69759]
439,[1.39647,0,2.08649,1.15158,1.32006,4,1.73586,0.383377,1.56166,1.63895,1.16453,3.38518]
440,[1.32627,0,2.85627,1.58151,1.37289,1.71241,1.6888,1.27131,1.69488,1.65816,0,2.54017]
441,[1.67465,0,2.81018,1.34594,1.60834,2.24718,1.63858,0,1.63954,1.69083,0,1.6]
442,[1.55102,0,3.08035,1.62837,1.31481,1.59695,1.65382,0.0355754,2.55403,1.58347,0.97654,1.8205]
443,[1.38815,0,2.98273,1.15442,0.837367,3.0278,1.65534,0.0311337,1.59689,1.68215,0.454777,2.22075]
444,[1.58457,0,2.50967,1.57702,0,1.82268,1.7343,0.159787,1.65769,1.6997,0.0283555,1.67655]
445,[2,0,1.45455,1.81822,0,2.43353,0.730158,1.19763,2.43949,1.70298,0.796306,1.62627]
446,[1.36478,0,3.09997,1.58148,0,1.7218,1.6951,1.50888,1.74635,1.61989,0.619277,2.18502]
447,[1.51194,0,2.87434,1.67236,1.17973,1.48203,1.6012,1.31099,2.91185,0.768704,2.85976,2.86963]
448,[1.69148,0,1.77304,1.76009,0.3934,1.56066,1.69974,0,3.51973,1.60677,0.36394,1.71465]
449,[1.33466,0,3.12951,1.32161,1.22627,3.91664,1.70709,0,1.5759,1.62867,0.283384,2.61944]
450,[1.62241,0,3.16124,1.62241,0.271174,1.57288,2,0,1.51261,2,0.271173,1.57288]
451,[1.55133,0,3.2,1.651,1.00135,1.66652,1.72004,1.10666,2.29369,0.765987,0,2.28571]
452,[1.57694,0,2.2981,1.37626,0.713597,2.75715,1.57576,0.35934,1.72443,1.69664,0.344451,1.7225]
453,[1.61076,0,3.53604,1.61076,0.349924,1.68134,1.5836,0.0360201,2.81487,1.5836,0.349924,1.68134]
454,[1.57281,0,1.72723,1.68417,0.159528,1.69323,2,0,1.45455,1.60955,1.38826,2.90067]
455,[1.60429,0,1.76235,1.56581,1.38363,2.36631,1.71671,0.117194,1.58828,1.59569,0,3.97603]
456,[1.60121,0,3.38277,1.60121,0.340212,1.69095,1.69091,0.111808,1.70425,1.69091,0.340212,1.69095]
457,[1.6191,0,1.62519,1.69078,5.8125e-08,1.6,1.62031,0.296032,2.65724,1.28197,0.798967,3.51355]
458,[1.59281,0,1.63889,2,1.105,1.57946,2,0,1.63889,1.59281,1.37122,2.1839]
459,[2,0,1.54748,2,0,1.45455,1.61075,0,2.89076,1.68761,1.16334,1.48367]
460,[1.32063,0,2.28571,1.70762,0,1.56883,2,0.600416,1.39996,1.79475,0.993,3.46483]
461,[1.64214,0,1.6,1.67898,2.0004,2.79407,1.67898,1e-08,1.6,1.64214,1.30638,2.23418]
462,[1.03432,0,3.11855,1.46835,0.264443,3.10547,1.35941,0.00170241,2.09995,1.35606,1.05561,3.12992]
463,[1.65419,0,1.6,1.64953,1.91023,2.24347,1.39019,1.22968,2.70229,1.27758,1.84027,3.45593]
464,[1.65019,0,1.6,1.76749,1.71058,2.51577,0.727062,0.412971,2.52901,1.50309,0.332057,2.55598]
465,[1.65783,0,2.95183,1.33482,0.466218,3.75711,1.38997,0,3.70442,1.60832,0,1.68556]
466,[1.63512,0,2.61829,1.38837,1.0464,2.26779,1.41898,0.299749,2.56414,1.64565,0.000161612,1.59998]
467,[1.37996,0,2.09602,1.36419,0.541702,3.29722,1.34626,0.168624,2.26163,1.32457,1.19557,3.4221]
468,[1.73454,0,2.58034,0.739287,1.3047,2.57835,1.46904,1.34508,3.37474,1.60219,0,1.66322]
469,[1.69074,0,1.6,1.64347,2.20167,2.89795,1.35828,1.23428,3.60036,1.68787,0.0018176,1.59982]
470,[2,0,1.45455,1.61776,0.124278,2.86089,0.765486,1.64355,2.82012,1.47478,1.68329,2.80155]
471,[1.61367,0,3.52433,1.48421,0.759983,1.78588,1.58923,0.692564,2.24452,1.58664,0.365329,1.69724]
472,[1.63129,0,1.69222,1.73288,0,2.2459,0.761419,1.12203,2.23949,1.5057,1.38586,2.08773]
473,[1.69328,0,1.73382,1.60353,1.33292,3.47964,1.3911,1.5282,2.12569,1.64063,0.180375,1.71203]
474,[1.32708,0,2.99583,1.36125,0.419818,3.78417,1.60227,0.69233,1.62198,1.61511,0.985856,3.76533]
475,[1.62987,0,3.66921,1.62467,0.434246,1.72842,2,0,1.522,2,0.265726,1.57343]
476,[1.6449,0,1.71617,1.69981,0,1.71767,1.69981,0.000924876,1.71603,1.64502,1.29084,2.57283]
477,[1.56489,0,2.4353,1.39464,0.578237,2.14152,1.32628,0.0122005,3.92973,1.59896,0.434392,1.80739]
478,[1.39402,0,2.15058,1.42076,1.13457,3.4123,1.24071,2.54167,2.72616,1.3969,0.494664,2.16727]
479,[1.60782,0,1.68194,1.59069,2.00493,2.78303,1.59069,1.55199e-07,1.68194,1.60782,2.02589,3.19402]
480,[1.6979,0,1.6,1.6189,1.33347,3.19999,1.61411,1.37788,1.62468,1.69748,0,1.6]
481,[2,0,1.57602,1.62836,0.78558,3.67697,1.41283,1.23107,2.10985,1.64089,0.354798,1.69276]
482,[1.39429,0,2.23073,1.61648,0.596349,1.71152,1.61648,0,2.23073,1.39429,0.669161,3.12487]
483,[1.63403,0,2.2455,1.63403,0,1.6,1.61476,2.39941,3.73397,1.61476,0,1.6]
484,[1.35377,0,3.96981,1.5982,0.000719634,1.59993,1.75106,0.0859379,1.81251,1.52254,0.894146,2.44227]
485,[1.61277,0,3.52815,1.61277,0.344264,1.67853,1.69618,0.177642,1.71444,1.69618,0.344264,1.67853]
486,[1.69432,0,1.71652,1.69432,0.232101,1.67479,1.61092,3.25096,3.57061,1.61092,0.232101,1.67479]
487,[0.981653,0,2.42112,1.66622,0.238043,1.72645,1.69369,0.234801,1.70603,1.65621,0.663172,2.55614]
488,[1.62027,0,3.78436,1.31854,0.526154,3.03244,1.33556,0.0211661,2.17253,1.61479,0.434678,1.74536]
489,[1.25656,0,2.68969,1.40555,0.432542,2.15555,1.62975,0,1.72644,1.5952,1.35198,3.45711]
490,[1.60667,0,3.56037,1.60667,0.345862,1.6934,1.58013,0.0292345,2.26763,1.58013,0.345862,1.6934]
491,[1.56104,0,1.77874,1.7664,5.8125e-08,1.6,1.63608,2.95153,3.3838,1.31272,0.388557,2.3356]
492,[1.68228,0,2.77729,1.50611,0.161772,2.75758,0.74994,1.59036,2.75794,1.72368,0,1.57902]
493,[1.72521,0,1.57486,2,0,1.6,1.73647,0.2462,2.74493,0.739079,1.61418,2.74847]
494,[1.33159,0,2.50844,1.32073,1.72453,3.854,1.7355,0.546966,1.5453,1.6544,1.26805,2.0843]
495,[1.74768,0,1.82663,1.55041,0.431491,2.38598,1.3512,0,3.19446,1.60783,0,1.6]
496,[2,0,1.60821,1.61262,2.94974,3.75302,0.846809,1.72792,3.74703,1.74891,0.248831,1.57512]
497,[2,0,1.45455,1.61321,0.113491,2.87123,1.57484,0.988972,1.71278,1.56241,0.818568,3.5458]
498,[1.70929,0,2.77755,0.73667,1.4421,2.74992,1.4772,2.3814,3.57389,1.68089,0,1.59089]
499,[1.36425,0,3.73319,1.37418,0,2.91307,1.37468,0.526852,2.15846,1.4379,2.05641,2.4121]
500,[2,0,1.57973,1.61306,1.74449,3.07876,1.59062,0.0644614,1.70447,1.6813,0.232106,1.67018]
501,[1.61647,0,1.6,2,0.466259,1.66522,1.68394,0.345463,1.69435,1.60693,2.40305,2.66589]
502,[1.69502,0,1.6,1.69502,1.24112,1.63988,1.69502,2.54332e-07,1.6,1.69502,1.24112,1.63988]
503,[1.3239,0,2.18182,1.64002,6.38916e-07,1.6,1.61751,1.33166,2.66691,1.39352,1.17949,3.62381]
504,[0.744023,0,2.55651,1.45793,0,3.08565,1.90819,1.27974,3.31792,1.44318,1.2735,2.55871]
505,[1.7413,0,1.6,1.67702,1.24825,2.79133,1.39749,0.267681,2.08485,1.58703,0.812927,1.89838]
506,[1.08216,0,3.43122,1.60551,0.365635,1.7155,1.68893,0.478626,1.7246,1.62986,0.88733,3.44699]
507,[1.34749,0,2.19615,1.34991,1.01941,3.43295,1.66351,0,1.6,1.6978,0.422102,2.79221]
508,[1.68895,0,1.68092,1.59752,0.934896,2.77275,1.27719,0,3.35971,1.59135,0.238242,1.64363]
509,[1.35333,0,3.31924,1.43036,1.56069,2.52378,0.729099,0.308401,2.52259,1.48433,0.365391,2.50609]
510,[1.30728,0,3.01209,1.60463,0.306062,1.6766,1.56788,0.0217955,2.23703,1.33829,1.00709,3.74823]
511,[1.69959,0,1.71401,1.62858,1.30517,2.994,1.62885,0.00170036,1.71375,1.69959,0,1.71975]
512,[1.59719,0,1.6,1.71236,1.20499,2.40074,1.29218,2.86735,3.88722,1.31601,0.213584,3.10692]
513,[1.34138,0,2.43176,1.64413,0.475334,1.74179,1.69116,0.765757,1.68249,1.61924,2.81448,3.25081]
514,[1.75269,0,2.14226,1.38494,2.33353,3.106,1.60204,0.633865,1.59659,2,0,1.6]
515,[2,0,1.59396,1.71371,0.283199,2.81474,0.755413,1.58173,2.85802,1.62319,0,1.45455]
516,[1.70162,0,1.77778,1.59578,0,2.22675,1.65017,0,1.59142,1.76389,0,1.77173]
517,[1.59951,0,1.59976,1.62524,2.34231,3.34208,1.81663,0.00132161,1.33322,1.6223,0.000379103,3.99984]
518,[1.75203,0,2.28571,0.745231,1.11521,2.29493,1.53548,3.0207,3.31953,1.63392,0.144269,1.57115]
519,[1.50651,0,3.51989,1.38874,0.45996,2.09918,1.56997,0.825194,1.74911,1.69559,0.847917,1.75957]
520,[1.62668,0,1.6,1.73864,1.8878,2.44488,0.739827,0.690976,2.43634,1.45809,1.31334,3.34333]
521,[1.65188,0,2.17764,1.3633,1.03329,3.65859,1.39394,0.398034,2.40271,1.71024,0,1.6]
522,[0.985337,0,3.63193,1.6603,0.103352,1.58966,1.6343,1.4142,2.8617,1.36002,2.52617,3.60222]
523,[1.69099,0,1.6,1.5888,1.69792,2.38093,1.34239,0.0602103,2.8615,1.67324,1.31236,1.63196]
524,[1.62676,0,1.63823,1.61798,0,2.61921,1.63492,0.171144,1.58289,1.60638,1.96174,3.17331]
525,[1.59627,0,3.55593,1.6475,0.667591,1.53324,1.65599,0,2.53374,1.61232,0.229621,1.57704]
526,[1.35655,0,2.40495,1.35655,0.641956,3.59856,1.4878,1.54209,1.79789,1.4878,0.641956,3.59856]
527,[1.39442,0,2.61758,1.63394,0.00141481,1.59986,1.7527,1.47022,1.80135,1.59764,2.31181,3.26909]
528,[1.60467,0,2.0979,1.36375,0.52811,2.72893,1.7079,0.135127,1.60508,1.76,0.350281,1.73886]
529,[1.45601,0,2.28571,1.57262,0.214906,1.72848,1.61654,0.612315,2.17373,1.3917,0,2.17434]
530,[1.80588,0,1.45455,1.70643,1.21157,1.47884,1.7981,0.911691,1.67648,1.70392,1.04862,1.66126]
531,[1.70069,0,1.6,1.70541,1.20192,2.40073,1.70567,0.00361545,1.59964,1.70069,0,1.6]
532,[1.37378,0,2.59342,1.63889,0.427839,1.72788,1.69223,0.358993,1.71072,1.60547,0,2.38903]
533,[1.58569,0,3.2,1.00018,2.14636,3.19683,1.35299,1.80433,4,1.72803,0,1.5789]
534,[1.61652,0,2.51976,1.66179,1.26463,1.68135,1.59252,3.25857,3.93011,1.57788,0.203326,1.57967]
535,[1.32332,0,2.203,1.32333,1.30397,3.67401,1.63201,0,1.57349,1.63189,1.30569,3.67358]
536,[1.53849,0,2.74156,0.766803,1.58004,2.67953,1.51396,0,2.45054,0.768201,1.0981,2.48365]
537,[1.36915,0,2.09902,1.38672,2.53747,3.74585,1.16681,3.56261,3.70537,1.31269,0.512346,2.72753]
538,[1.61731,0,1.6,1.61553,0,3.66477,1.44347,0.628325,3.31917,1.4362,3.47034,3.73239]
539,[1.27764,0,2.18478,1.37299,0.869331,3.0086,1.61296,0.674156,1.53258,1.7087,0.8513,2.71929]
540,[0.749792,0,2.36218,1.75051,0.411752,1.55882,1.61631,0.644278,3.03227,1.48874,1.14698,2.37277]
541,[0.747654,0,2.42642,1.51099,1.56494,2.06215,1.43371,1.20697,2.43597,1.4939,1.20117,2.43387]
542,[1.61579,0,1.6,1.61579,1.33022,2.66791,1.28319,2.01638,3.98908,1.28319,1.33022,2.66791]
543,[1.45473,0,2.27393,1.39332,1.1363,3.16833,1.03864,0.0255954,3.17147,1.40186,0,2.17568]
544,[1.63922,0,3.67831,1.44986,1.11843,2.2919,0.763387,0,2.28571,1.7264,0.516915,1.72034]
545,[1.34199,0,4,1.59661,0,1.6,2,1.5019,1.5557,1.67909,0.277716,2.48418]
546,[1.69987,0,1.70802,1.69987,0,1.71846,1.62744,0.0130956,3.00741,1.62744,0,1.71846]
547,[1.48341,0,3.35944,0.920688,2.1807,3.3571,1.35808,1.11139,2.22968,1.33416,0,3.33263]
548,[1.64824,0,3.6761,1.64622,0,1.6,1.69562,1.34681,1.62813,1.69746,1.26491,1.63723]
549,[2,0,1.53707,1.74162,1.93212,3.83606,1.64087,0.689819,1.69773,2,0.644228,1.53558]
550,[1.69421,0,1.6,1.60169,1.86044,2.35659,1.30824,1.135,2.35914,1.74688,0,1.57578]
551,[1.45131,0,3.2,1.60426,0,1.6,1.72097,0.35937,2.40782,0.737687,1.5658,2.4057]
552,[2,0,1.5619,2,0.620985,1.59745,1.61701,1.95322,3.72839,1.61701,0.620985,1.59745]
553,[1.72608,0,3.89264,1.53756,0.187821,1.74416,1.56069,1.58994,3.23185,1.60746,0.241919,1.57581]
554,[1.21946,0,2.88778,1.38962,0.652378,2.28492,1.26834,0.093437,3.83051,1.38914,0.798014,2.91591]
555,[2,0,1.45455,1.77286,0.33862,3.64185,1.63807,1.0581,1.56854,2,0.457841,1.5238]
556,[1.70511,0,1.6,1.69629,1.26504e-07,1.6,1.69629,8.85697e-08,1.6,1.70511,2,4]
557,[2,0,1.64031,1.72635,0.263238,2.49113,0.733413,1.48024,2.49907,1.69164,1.08504,1.65722]
558,[1.6003,0,1.69544,1.69106,0.169375,1.69574,1.69106,0,1.69544,1.6003,0.34166,3.39088]
559,[1.59522,0,2.89467,1.40751,0.188445,3.76784,1.61007,0.91752,1.62479,2,0.0832006,1.44698]
560,[1.29758,0,2.20614,1.44327,0.277513,2.23311,1.33136,1.34092,2.78964,1.37187,1.21366,3.69659]
561,[1.27093,0,3.83748,1.27096,0.649303,2.55845,1.27096,0,3.83748,1.27093,0.647997,2.55867]
562,[1.59547,0,1.6,1.74283,0,2.13205,1.6165,0.244041,1.6061,1.69456,0,3.96889]
563,[1.36491,0,2.27751,1.45042,0.69054,2.09389,1.17063,0,4,1.41824,3.49256,3.92277]
564,[1.63684,0,2.98286,1.30109,1.68616,2.38564,1.59175,0.284438,1.70779,1.6835,0,1.70273]
565,[1.41324,0,2.56968,1.29097,0,2.29353,1.44194,0.787198,2.09798,1.38612,1.77767,2.84447]
566,[0.756725,0,2.87569,1.63636,1.29882,1.47012,2,0,1.6,1.71703,1.5611,2.82613]
567,[1.32462,0,3.69989,1.6022,0.669214,1.67515,1.58389,0.970669,2.77603,1.40175,0,3.08925]
568,[1.63629,0,1.69367,1.62792,1.32478,2.09646,1.62792,0,1.69367,1.63629,0.397211,2.96767]
569,[1.32545,0,3.69835,1.48553,3.55821,3.97069,1.71134,0,1.58442,1.74623,0.517274,2.21182]
570,[1.50046,0,2.51562,1.58348,0,1.77778,1.71019,1.3063,2.50156,0.732364,0.0313708,2.5078]
571,[1.35006,0,2.54756,1.31816,0.740159,3.05197,1.65957,0.3088,1.69503,1.63908,0.714202,3.81268]
572,[1.35047,0,3.37964,1.01292,1.09228,3.38493,1.55274,0.873277,1.69483,1.55211,1.15557,2.25959]
573,[1.36237,0,2.8233,1.36188,2.75579,4,1.26605,1.47473,2.12768,1.35298,0.281696,3.62269]
574,[2,0,1.55768,1.75805,1.66275,2.38954,0.740029,0.430691,2.39641,1.71868,0.030207,1.59698]
575,[1.6139,0,1.6,1.61519,0.797095,2.13685,1.6224,1.60902,1.72103,1.57267,0.23558,3.10082]
576,[1.59704,0,2.07966,1.18044,1.28397,4,1.31694,0.0320883,2.41921,1.59406,0.332265,1.74086]
577,[1.60434,0,3.4962,1.40197,0.723227,2.59886,1.3387,0,3.0009,1.60751,0.324348,1.66708]
578,[1.72419,0,1.56578,2,0.864719,1.59431,1.75227,0.894795,1.81899,1.61958,0.401314,3.89967]
579,[1.36438,0,2.09821,1.40778,0,3.67923,1.63262,0.548708,1.71681,1.5986,1.21654,2.44611]
580,[1.68936,0,1.6,1.69676,0.372769,3.51457,0.961294,2.87903,3.40772,1.64974,0,1.6]
581,[1.68422,0,1.68072,1.69682,1.95481,2.56033,0.733566,0.664575,2.5559,1.66292,0.239406,1.70329]
582,[1.63674,0,3.13547,1.63049,0,1.59719,1.62823,2.92097,3.1934,1.61716,1.27471,1.63614]
583,[1.54071,0,1.7629,1.54071,0.330555,2.33412,1.33036,2.74867,3.45624,1.33036,1.53079,2.33412]
584,[1.67927,0,1.6,2,1.28223,1.5713,1.65987,1.11404,3.62327,0.948103,0,3.61687]
585,[1.6896,0,1.68388,1.56276,0.265926,3.93352,1.34459,1.282,2.53098,1.66275,0,1.69087]
586,[1.59682,0,4,1.59298,0.346686,1.70074,1.59298,1.07129e-07,4,1.59682,8.49219e-08,1.6]
587,[1.59261,0,3.49554,1.37508,0.901238,2.09963,1.36335,1.99257,3.4928,1.59925,0.268844,1.70349]
588,[1.7652,0,1.58158,1.71742,1.2066,2.36624,1.36075,0.0708126,3.12141,1.62594,0.168329,1.75907]
589,[1.73826,0,1.6,1.63039,1.50142,3.29991,1.30018,0.545724,2.20775,1.73477,1.09171,1.65455]
590,[1.23931,0,2.95579,1.31545,0.667713,2.4801,1.35717,0.128333,2.12737,1.35884,0.66965,3.71976]
591,[0.748817,0,2.83019,1.69772,0,1.61459,1.68941,1.41418,1.62065,1.69661,1.44128,2.82926]
592,[2,0,1.57602,1.60187,1.79567,3.15211,1.60036,0.003119,1.57583,2,0,1.45455]
593,[1.36276,0,2.5563,1.33619,0,2.89193,1.36914,0.276405,2.09841,1.41809,1.81181,2.1016]
594,[1.57367,0,1.70007,1.57367,0.882555,2.83396,1.39284,1.27099,2.09929,1.39284,0.882555,2.83396]
595,[1.61349,0,3.26575,1.38461,1.53891,2.06587,1.42983,0.572017,2.57133,1.66807,0.236296,1.57637]
596,[1.63179,0,3.06032,1.47079,2.95047,3.26238,1.31021,2.32402,2.59361,1.64247,0,1.55569]
597,[1.66448,0,2.86719,1.66356,0,1.63764,1.68646,1.21646,2.45854,1.58681,1.20913,1.64343]
598,[1.60315,0,1.73511,1.6165,0.39954,3.04873,1.62282,0.153246,1.57474,1.66834,1.6477,3.58807]
599,[1.31306,0,2.18403,1.61153,0.514836,1.82016,1.48383,3.29188,3.6307,1.42345,0.548173,2.72933]
600,[1.32006,0,2.60535,1.35664,0,2.28571,1.31315,0.417048,2.52306,1.32168,2.08934,3.87438]
601,[1.38226,0,2.2277,1.29811,0.977744,3.34084,1.93403,2.89425,3.34825,1.16661,0.444816,3.34442]
602,[1.68992,0,1.75724,1.6254,0.363668,2.6616,1.40682,1.88175,2.2614,1.58146,0.378853,1.71206]
603,[1.36877,0,2.66667,1.39193,0,3.75774,1.65135,0,1.67438,1.65399,1.26487,2.09174]
604,[0.782649,0,2.28571,1.60897,0.149664,1.74203,1.69616,1.61252,1.79844,1.67691,1.14161,2.28444]
605,[2,0,1.6,1.59151,0,4,1.17657,0.744076,2.07296,1.66508,0.760495,1.65374]
606,[2,0,1.56052,1.639,1.29935,3.64181,1.63698,1.55338,1.56166,2,1.08347,1.49165]
607,[1.69665,0,1.6,1.68265,1.59414,2.80605,1.56023,0.00010617,1.77777,1.76045,0,1.6]
608,[1.61856,0,1.6,1.75115,0.107663,1.80528,1.56438,0,3.65238,1.92942,1.86306,3.73319]
609,[1.6099,0,1.6,1.65548,1.43553,3.64112,1.50326,1.19876,2.42429,0.755314,0,2.41762]
610,[1.41861,0,2,1.47251,0.51369,2.51047,1.38046,0,2.09232,1.42398,0.465167,2.09723]
611,[2,0,1.6,1.6502,1.28539,2.55824,1.6502,0,1.6,2,0.843336,1.51567]
612,[1.58136,0,3.2,1.3376,2.89056,3.96879,1.19529,1.95395,4,1.71582,0,1.59372]
613,[1.01524,0,3.34179,1.55856,0.254485,1.66129,1.58028,0,2.76062,1.39775,1.05089,3.35352]
614,[1.6006,0,1.6,1.61636,1.8718,2.66272,1.4065,1.13172,3.5716,1.38299,1.84465,3.10274]
615,[1.57703,0,1.68416,1.57703,0.869712,2.79742,1.57703,0,1.68416,1.57703,0.869712,2.79742]
616,[1.39279,0,2.50628,1.54181,1.45122,1.71322,1.54044,0.0256722,2.28205,1.38393,2.28417,3.42508]
617,[1.31965,0,2.19882,1.37724,2.04363,3.92239,1.21886,3.00504,3.87783,1.35918,1.23128,2.57688]
618,[1.37005,0,3.34164,0.970409,1.09755,3.34734,1.55729,0.913262,1.6763,1.56465,0.0768499,2.23414]
619,[1.36172,0,2.09704,1.35309,0,3.79453,1.61266,0.722366,1.75423,1.59704,1.04567,3.53141]
620,[1.57973,0,2.2516,1.58498,0.441312,1.8051,1.58498,0,2.2516,1.57973,0.305883,1.68763]
621,[1.64704,0,1.59809,1.58916,2.32803,3.99539,1.59167,0.160454,1.75995,1.60023,0.0439276,2.22671]
622,[1.6638,0,2.60838,1.61825,0.885258,1.67942,1.63468,1.30301,3.2032,1.63506,0,1.6]
623,[1.71089,0,1.56504,1.61581,0.238125,3.03557,1.39757,3.474,3.87975,0.927585,1.92971,3.51757]
624,[1.60559,0,3.43156,1.08437,0.881607,3.44885,1.63177,0.46847,1.72573,1.68898,0.366069,1.71565]
625,[1.6104,0,1.6269,1.751,0,1.81553,1.58406,0.871246,2.27836,1.33122,0,3.32595]
626,[1.35683,0,2.24084,1.57389,0.294583,1.67622,1.6296,3.56788,3.81928,1.06123,1.00688,3.74828]
627,[0.84327,0,3.21379,1.4883,0.582323,2.51769,0.7426,1.8618,2.51219,1.48378,1.94254,3.22442]
628,[1.57271,0,1.72944,1.63645,0.430674,2.59489,1.63645,0,1.72944,1.57271,1.38402,2.42163]
629,[1.61239,0,1.62529,1.61296,3.54608,3.78832,1.56243,0.805335,1.72289,1.57284,0.13822,3.21423]
630,[1.10031,0,3.01669,1.44726,0.251815,3.05098,1.38853,0.810343,2.09627,1.39009,1.06392,2.98722]
631,[1.6006,0,3.08219,1.44799,1.23992,2.76565,0.760057,0,2.73309,1.72808,0,1.5618]
632,[1.13765,0,3.50033,1.70765,0.0309648,1.5969,1.58393,1.83541,2.36077,1.33834,1.07786,3.45168]
633,[0.72434,0,2.46625,1.535,3.55079,3.70257,1.29825,1.14045,2.46498,1.47767,1.21645,2.46392]
634,[1.6975,0,1.6,1.69964,0.0354969,1.59645,1.61523,0,3.14818,1.61823,0.185329,1.58147]
635,[1.31823,0,2.82529,1.4487,1.18337,2.52604,0.744048,0,2.50777,1.48183,0,2.50814]
636,[1.63169,0,2.6234,1.5593,0.911575,1.73842,2,0,1.52806,2,0.276466,1.57235]
637,[0.77616,0,3.0198,1.57507,0,1.52353,2,1.3483,1.53671,1.59315,1.51943,3.00087]
638,[1.36695,0,2.19357,1.38049,0.39446,2.22936,1.34959,1.9961,2.22999,1.35649,2.65246,3.32982]
639,[1.4147,0,3.2,1.25045,0.24872,3.75177,1.76395,0.533679,1.51603,1.6595,0.788721,2.93111]
640,[1.43226,0,3.38304,1.52571,0.767069,1.72311,1.62622,2.0902,3.01552,1.35368,1.63126,2.28187]
641,[1.60049,0,2.6935,1.60049,0.13816,1.71194,1.70171,0.159947,1.71648,1.70171,0.13816,1.71194]
642,[1.75271,0,1.59102,1.75271,0,1.77778,1.70666,0.0747219,1.75977,1.70666,0,1.77778]
643,[2,0,1.45455,1.64883,2.74388,2.91264,0.763307,1.07696,2.95525,1.69789,0.666694,1.53333]
644,[1.30359,0,3.84035,1.31016,0.588955,3.0673,1.32721,0.204531,2.16859,1.39441,0.804589,3.79885]
645,[1.58915,0,3.24353,1.60308,0,1.73286,1.61836,0,2.16992,1.60698,0.822823,1.75234]
646,[1.70188,0,1.72273,1.70059,1.64104,1.70247,1.69907,0.075871,1.71265,1.70071,0,1.69453]
647,[1.47209,0,2.61822,0.785295,1.30768,2.62698,1.44891,0.867968,2.0986,1.43511,0.374086,2.11141]
648,[1.59069,0,3.87303,1.61194,0.486887,1.81317,1.74434,0,1.64493,1.69082,1.4464,1.65469]
649,[1.55735,0,1.69034,1.55491,0.845842,2.25212,1.37773,0.757197,3.37908,0.96896,1.86472,3.37997]
650,[1.59037,0,1.68807,1.58573,0.313711,2.23561,1.28464,1.66357,2.68373,1.39555,2.00605,3.37768]
651,[1.59219,0,1.6,1.61443,1.52305,3.55095,1.62714,0.226507,1.7049,1.58768,0,3.97692]
652,[1.70227,0,2.82612,0.750873,1.53341,2.77888,1.74584,0,1.64886,1.68917,0,1.61594]
653,[1.72259,0,2.36936,1.38352,0,3.56357,1.65696,0.230167,1.53133,2,1.1752,1.48248]
654,[1.66148,0,2.53722,1.29583,0.426933,3.38589,1.38538,0.964574,2.83524,1.71509,0.43751,1.68811]
655,[1.68899,0,2.45288,1.65465,0.307718,1.56923,2,0,1.53515,2,0.414707,1.63313]
656,[1.58622,0,1.6,2,0.00221858,1.59978,1.71226,0.422415,3.98747,1.34593,0,3.2]
657,[1.63472,0,1.6,1.65108,0.00547614,3.52114,1.61956,0,1.75864,1.56865,0.855009,2.64565]
658,[1.62932,0,2.62363,1.61431,0,1.64307,1.70152,0,1.64172,1.7004,0.250085,1.57499]
659,[1.57623,0,2.60931,1.67087,0.000419446,1.59996,1.70952,0.398816,4,1.57493,0.0603106,1.7274]
660,[1.41602,0,2.09985,1.59584,0.206695,1.7859,1.56742,1.6041,2.29899,1.31626,2.61999,3.15704]
661,[1.60061,0,1.76205,1.60446,0,2.278,1.57035,0.883706,1.69888,1.63502,1.30861,3.09521]
662,[1.36585,0,2.19851,1.3585,0.462077,2.9403,1.64447,0.395324,1.69286,1.61745,2.44554,3.38861]
663,[1.44036,0,4,1.59757,0.350923,1.69979,1.68976,0.35221,1.69951,1.61338,0.718486,3.64076]
664,[1.69016,0,1.5763,1.59096,0.206635,3.06995,0.777355,1.77746,3.05203,1.61027,0.0247253,1.57136]
665,[1.67185,0,2.8557,1.42711,0.413112,2.59781,1.41294,0,3.28046,1.60306,0,1.63057]
666,[0.750139,0,2.57137,1.46559,0,3.07141,1.34322,1.03202,2.92121,1.46889,1.26495,2.58676]
667,[1.28219,0,3.35444,1.59804,0.0679939,1.69081,1.68996,0,1.69046,1.66095,1.26944,2.53459]
668,[1.31916,0,3.38287,1.61685,0.359446,1.69152,1.68932,0.353764,1.73863,1.56998,0.713495,2.31623]
669,[1.57692,0,1.71932,1.57692,0.327093,2.27435,1.58487,0.593853,1.70837,1.58487,0.327093,2.27435]
670,[2,0,1.65958,2,0,1.58986,1.70916,3.56429,3.98428,1.70916,0,1.58986]
671,[1.645,0,1.6,1.70778,1.19027,2.4022,1.64354,1.03537,1.66274,1.60076,1.28237,2.88161]
672,[1.38727,0,3.2,1.38093,0.332061,2.48585,1.68147,0.754758,1.65667,1.59761,0,2.1933]
673,[1.7517,0,1.51262,1.63924,1.66526,2.93733,0.755889,0.324259,2.8785,1.42353,1.15247,3.77681]
674,[1.37068,0,3.05417,1.62105,0.916714,1.62769,1.74398,0.659176,1.82901,1.57172,1.09539,2.28747]
675,[1.62365,0,1.6,1.62365,0,3.14385,1.62371,0.00189483,1.59981,1.62371,0,3.14385]
676,[1.54804,0,1.82047,1.57988,1.32239,2.63972,1.62465,0,1.58492,1.62803,0.267342,3.05857]
677,[1.3917,0,3.35275,1.5912,0,1.64228,1.59606,0.179434,3.86602,1.39028,0.829036,2.95083]
678,[1.65101,0,2.89779,1.65101,0,1.65202,1.71845,0.0821653,1.83736,1.71845,0,1.65202]
679,[1.60604,0,2.23129,1.60604,0.423813,1.73069,1.6355,0,2.59513,1.63549,0.423786,1.73069]
680,[1.66472,0,3.11948,1.22386,0.673437,3.15268,1.75531,0.191507,1.58085,1.69045,0.226142,1.57091]
681,[1.65228,0,3.61444,1.6076,0.232979,1.72875,1.60777,1.56734,3.60816,1.65559,0.165952,1.56813]
682,[1.58677,0,1.72953,1.62461,0.862867,2.16245,1.62461,0,1.72953,1.58677,2.08489,3.46095]
683,[1.66783,0,3.62625,1.6209,0.625214,1.68907,1.57852,0.391069,2.80694,1.69227,0.029969,1.597]
684,[1.26193,0,3.86381,1.43054,1.11415,3.30637,0.72691,2.77389,3.30231,1.47084,0.412334,2.09009]
685,[1.58395,0,1.65745,2,0.893334,1.51067,2,0,1.54512,1.73168,1.91598,3.87469]
686,[1.56494,0,1.63454,1.69771,1.23403,2.44945,1.339,2.46149,3.27203,1.07089,0.236064,3.26867]
687,[1.66093,0,1.6,1.70516,3.60621,4,1.70074,0.0675921,1.59293,1.66487,0,3.62632]
688,[1.6454,0,3.83827,1.29994,1.27895,2.56256,1.65141,0,1.6,1.69159,0,1.6]
689,[1.69081,0,1.70248,1.69081,0.235163,1.68772,1.60754,3.26774,3.37613,1.60754,0.235163,1.68772]
690,[1.72825,0,1.58847,1.7544,1.62303,1.79712,1.62941,1.38498,2.08786,1.10234,2.71106,4]
691,[1.27267,0,3.34328,1.27267,2.72601,3.27602,1.70364,0,1.6,1.70364,2.72601,3.27602]
692,[1.49574,0,2,1.34395,1.1515,4,1.23784,0,2.06914,1.42147,1.62684,2.46086]
693,[1.72576,0,3.90852,1.72576,0.432301,1.55677,2,0,1.5169,2,0.432298,1.55677]
694,[1.26261,0,2.56966,1.6513,0.430894,1.71289,1.69017,0.852691,1.65057,1.61744,1.18446,3.24201]
695,[1.3585,0,2.33858,1.70811,0.561923,1.75781,1.62348,1.88977,2.63582,1.26819,0.563567,3.51957]
696,[1.50456,0,2.55364,0.731266,1.29663,2.54677,1.66769,0,1.70399,1.57919,0,2.55436]
697,[1.63958,0,1.6,1.70167,0,1.59915,1.75987,0.962962,1.67078,1.58282,0.151042,2.22277]
698,[1.73846,0,3.72618,1.61948,1.31673,1.60745,1.62105,1.32058,3.28724,1.62079,0,1.6]
699,[2,0,1.45455,1.74655,0.648742,4,1.68032,0.661491,1.53385,2,0.0317328,1.5374]
700,[0.747758,0,2.8073,1.70396,0,1.6,1.69154,0,1.58728,1.73619,1.48493,2.79326]
701,[1.35816,0,3.27577,1.61466,0.100201,1.67214,1.57642,0.391648,3.90209,1.35611,1.5878,2.3399]
702,[1.55715,0,3.36834,0.855561,1.18878,3.77598,1.75932,0.801275,1.51265,2,0.0398522,1.66131]
703,[1.33119,0,2.28571,1.61819,0,1.68365,1.69055,0.0865156,1.70625,1.63591,0.52404,2.97506]
704,[1.67627,0,2.80291,1.58342,0.787522,1.69028,1.59369,0.256253,2.31829,1.60311,0,1.6]
705,[1.70381,0,1.6,1.70381,0,1.6,1.63715,0.206715,2.25618,1.63715,0,1.6]
706,[1.64229,0,2.11649,1.40925,1.54783,3.72675,1.33968,0.326161,2.23912,1.57438,0.0269149,1.68554]
707,[1.47166,0,2.53175,0.729878,1.27756,2.52844,1.67151,0.00926611,1.68685,1.60383,1.84206,3.33908]
708,[1.59444,0,1.69788,1.58265,1.47629,2.24791,1.58265,1.21897e-07,1.69788,1.59444,2.03397,3.39602]
709,[1.59296,0,3.39892,1.59296,0.335983,1.6992,1.5763,0.0179133,2.26722,1.5763,0.335983,1.6992]
710,[1.40399,0,3.29146,0.987145,2.16198,3.28277,1.31128,1.53665,2.63092,1.40444,0,2.19565]
711,[1.63194,0,3.82756,1.485,0.337253,2.52447,0.728303,1.61444,2.52069,1.73598,0,1.6]
712,[1.62628,0,1.75133,1.70774,1.1904,2.33227,1.70774,0,1.75133,1.62628,1.31313,2.62703]
713,[1.69509,0,1.70962,1.69509,0,1.68754,1.60068,0.333016,3.37539,1.60068,0,1.68754]
714,[1.72871,0,1.64424,1.68187,0.170259,2.63829,1.50309,0.281047,2.60755,0.734932,1.626,2.59396]
715,[1.6553,0,1.58431,1.69693,0,1.6,1.69693,0,1.58431,1.6553,1.27332,3.68167]
716,[1.56862,0,3.34533,0.776879,1.30056,3.67486,1.39795,1.45198,2.23445,1.57488,0.0281072,1.68097]
717,[1.75613,0,1.5922,2,1.1584,1.54107,1.74282,3.11489,3.83618,1.43167,0.455853,1.86779]
718,[1.49929,0,2.82644,1.38551,0,2.08721,1.46582,1.78486,2.68232,0.757518,0.316625,2.72346]
719,[1.42139,0,2.59563,1.63873,0.434286,1.72952,1.69648,0.401628,1.73315,1.57465,0.751273,2.28586]
720,[1.41235,0,2.59866,1.56458,0.485691,1.83141,1.7356,0.197875,1.62224,1.62268,0,2.14277]
721,[1.70826,0,1.6,1.60961,1.77166,3.10154,1.39519,1.6314,2.19808,1.26181,0.247786,2.74822]
722,[1.63368,0,1.57731,2,0,1.68627,1.61289,1.32641,3.55179,1.32277,1.87457,2.61576]
723,[1.73552,0,1.54333,2,0.638588,1.53614,2,0.00216004,1.71743,1.57667,1.94059,2.31037]
724,[1.65278,0,1.62068,1.68795,1.37475,1.62503,1.74718,1.73006,1.81311,1.47852,2.88921,3.47331]
725,[1.65458,0,1.69464,1.58881,0.337394,2.23752,1.58881,1e-08,1.69464,1.65458,0.413899,2.54408]
726,[1.76772,0,1.25242,1.83517,0.995287,2.50079,1.00391,2.26059,2.50851,1.08754,1.12257,2.50519]
727,[1.62104,0,1.6,1.57853,0,2.42214,1.35762,0.267394,3.3935,1.45522,3.40991,3.75448]
728,[1.77817,0,1.58991,1.59469,2.39936,4,1.58155,0.36036,1.72127,1.69478,0.263649,1.74848]
729,[0.777598,0,3.10668,1.58459,0,1.56813,1.6903,0,1.56562,1.59468,1.63814,3.07073]
730,[1.64798,0,3.82034,1.41528,1.10835e-06,2.28571,1.32239,1.21132,2.82719,1.60019,0.424895,1.69713]
731,[2,0,1.6,1.61525,0.251277,2.13656,1.61432,0.510809,1.60388,2,0,1.54554]
732,[1.6394,0,1.6,1.59166,0.23499,3.92009,1.01378,3.14502,3.85803,1.462,0,3.6746]
733,[1.37778,0,2.79883,1.69225,1e-08,1.6,1.67728,0,2.60815,1.27128,0.529773,3.44859]
734,[1.33692,0,2.25538,1.55438,0.280268,1.69171,1.55405,0.0852897,3.38323,1.00404,1.19864,3.38303]
735,[1.59388,0,3.83455,1.34984,0.195916,3.13271,1.58082,0,1.57273,2,0.29252,1.64115]
736,[0.782159,0,2.28571,1.60757,0.147273,1.74505,1.69714,4.8125e-08,1.77778,1.70534,1.15757,2.28081]
737,[1.57037,0,1.76189,1.57471,0.863741,2.52271,1.65931,0.433183,1.68453,1.59689,1.45321,2.35349]
738,[1.43299,0,3.36069,0.555855,2.02333,3.36144,1.55385,0.0741787,1.68066,1.58747,0.384818,3.36124]
739,[2,0,1.53724,2,0.447344,1.70428,1.63082,0.834545,2.99219,1.61855,0.624294,1.53757]
740,[1.69141,0,1.6,1.73438,1.81097,2.75245,0.736157,0.426771,2.75245,1.73438,1e-08,1.6]
741,[1.37351,0,3.56879,1.63431,0.118831,1.58812,1.71251,1.32179,1.68659,1.6353,0.529276,2.09678]
742,[1.61533,0,3.45358,1.61533,0,1.68274,1.6963,0.00165061,1.70236,1.6963,0,1.68274]
743,[1.43412,0,3.52333,1.78271,1.02301,1.4977,2,0.068328,1.57812,1.72008,2.84056,3.94004]
744,[0.73514,0,2.40652,1.5292,0,2.89557,0.746658,1.39698,2.90588,1.67534,1.21099,2.40643]
745,[1.76366,0,1.77755,1.60517,0,2.21877,1.38998,0.624517,3.11132,1.63938,0.347101,1.56529]
746,[1.40752,0,2.65872,1.49577,2.30781,2.73844,0.772927,0.793976,2.77253,1.43084,0.23291,2.08926]
747,[0.746986,0,2.44994,1.71623,0.319553,1.64115,1.68018,0,1.63845,1.72932,1.07721,2.48713]
748,[0.736814,0,2.47246,1.68825,0.0909875,1.83162,1.72953,0,1.64835,1.69184,1.24122,2.47051]
749,[1.62728,0,2.14874,1.35707,0.93756,2.84911,1.56199,0.65365,1.70515,1.69314,0.40231,1.7242]
750,[1.64356,0,2.57922,1.37737,0.656943,2.19187,1.37737,0,2.57922,1.64356,0.219989,1.55377]
751,[1.74316,0,1.8562,1.58721,1.349,2.2302,1.33845,1.97689,2.79163,1.67943,0,1.6]
752,[1.48639,0,2.62106,1.72909,1.37015,1.46298,1.80281,0,1.76462,1.59164,0.432037,2.43199]
753,[1.6997,0,1.75467,1.60817,0.420808,2.19913,1.60817,9.04648e-08,1.75467,1.6997,0.197322,1.70975]
754,[0.777889,0,2.88753,1.60392,0,1.45455,1.73788,0.0933767,3.18132,1.44911,1.28096,2.90705]
755,[1.61571,0,1.6,1.71165,1.55872,2.06304,0.892388,0.421364,2.0911,1.50488,0.267689,2.13271]
756,[1.49395,0,2.66667,1.28512,2.68152,4,1.15267,1.42962,2.0775,1.54013,0,1.94136]
757,[1.61155,0,1.57288,1.6902,0,1.5746,1.59006,0.203238,3.06773,0.777123,1.76116,3.0532]
758,[1.60284,0,2.88793,0.765087,1.25714,2.91865,1.7224,0.813679,1.51863,2,0,1.45455]
759,[1.72552,0,2.65712,0.766914,1.31068,2.6591,1.43743,0.871478,2.11446,1.64047,0.475508,1.6681]
760,[1.61277,0,3.2,1.33514,0.257145,2.12375,1.38026,2.89626,3.19512,1.64148,0,1.59665]
761,[1.61471,0,3.73438,1.61692,0.438903,1.75747,1.61692,0,3.73438,1.61471,0.263955,1.60107]
762,[1.39731,0,2.10071,1.35993,1.17581,3.15456,1.59879,0.327652,1.69748,1.53165,1.1599,3.42972]
763,[2,0,1.6,1.68437,0.00539089,1.59946,1.68161,0,3.90264,1.72241,0.357987,1.5642]
764,[1.36124,0,2.83518,1.36124,0.71171,2.36192,1.32516,0.0936246,3.53059,1.32516,0.71171,2.36192]
765,[1.61615,0,1.56116,1.61615,0.0480004,3.06628,1.32717,1.26963,2.45506,1.32717,0.0480003,3.06628]
766,[1.59229,0,3.92563,1.57732,0.866294,1.68152,1.60922,0.0398915,3.12285,1.62199,0,1.59284]
767,[1.58244,0,2.09875,1.27957,0.80335,2.61691,1.31462,0.0451793,3.65022,1.58065,0.372868,1.74319]
768,[1.70445,0,1.77778,1.76162,1.55334,1.60518,1.7012,0,1.6,1.76257,0,1.77778]
769,[1.60352,0,3.15012,1.60378,0.0144766,1.59855,1.59574,1.84636,3.19827,1.59849,0.00538259,1.59946]
770,[1.7559,0,1.6,1.71272,2.00905,2.39682,1.35459,3.20141,3.60263,1.60618,1.49855,1.80157]
771,[1.64588,0,1.72299,1.58953,1.32349e-23,3.10594,1.31749,3.6857,3.78043,1.33424,0.428579,2.58376]
772,[1.57083,0,1.67955,2,0,1.55468,2,0.440962,1.58863,1.65741,0.750159,2.54164]
773,[1.461,0,2.85927,1.33588,1.61739,2.2066,1.34704,1.54289,2.54271,1.31308,2.80967,3.05176]
774,[2,0,1.59317,1.55018,1.67966,3.18682,0.889945,0.540417,3.18749,1.55018,0.626907,1.59399]
775,[1.6363,0,1.57341,2,0,1.5734,1.72198,3.52801,3.9376,1.29385,0.211323,2.63145]
776,[1.47647,0,2.56069,1.25806,1.24508,3.2185,1.60554,1.30513,2.55078,0.728428,0.0160666,2.55534]
777,[1.49586,0,2.28571,0.733444,1.15818,2.28061,1.71805,9.6665e-08,1.77778,1.61194,1e-08,2.28571]
778,[1.68972,0,1.7254,1.6263,0.415408,3.88733,1.467,0.892303,3.58056,1.59925,0.0277899,1.71349]
779,[1.59448,0,3.40578,1.29137,0.721774,2.36524,1.33283,0,3.81487,1.59239,0.271103,1.63509]
780,[1.64129,0,3.84177,1.36157,0.748288,2.99539,1.63839,0.325301,1.71425,1.69025,0.416639,1.70867]
781,[1.60123,0,2.16822,1.61857,0.530549,1.80263,1.70249,0.576843,1.80756,1.74737,0.25999,1.6278]
782,[1.59541,0,3.42674,1.36091,0,2.21211,1.3356,0.988579,3.3209,1.54492,0,1.67405]
783,[1.42572,0,3.30572,1.59509,0.28583,1.6543,1.58139,0.562654,2.20534,1.37602,0.977252,2.91853]
784,[1.37792,0,2.16017,1.39056,0.369612,2.87711,1.38091,0.914259,2.12318,1.39317,0,2.78919]
785,[1.5915,0,2.73347,1.22557,1.36579,3.65855,1.36093,1.54134,2.215,1.58589,0.173288,1.66081]
786,[2,0,1.73148,1.67848,0.384872,1.69582,1.65304,0,2.53754,1.65744,0.746833,1.52532]
787,[1.3561,0,2.92282,1.41581,2.34526,3.2992,1.57883,0.979298,1.80073,1.58728,0.109467,2.23788]
788,[1.29344,0,3.8307,1.29444,0.581569,2.56974,1.64604,0.313498,1.54557,1.64704,0.598487,2.56692]
789,[1.71376,0,1.67169,1.66898,0.41538,2.5078,1.66898,7.79418e-08,1.67169,1.71376,1.52183,4]
790,[1.64163,0,1.69178,1.6982,0,1.72185,1.64892,1.4608,2.07703,1.43886,0.879361,2.09114]
791,[1.65062,0,1.6,1.60536,1.3969,3.18827,1.62027,0.0744397,1.59256,1.65799,0,3.62825]
792,[1.65234,0,1.58225,1.75652,3.36867e-05,1.77777,1.60456,2.68661,4,1.10806,1.39018,2.08712]
793,[1.717,0,1.59377,2,0.415443,1.60086,1.70833,0.0246623,3.99383,1.33054,1.20478,2.38965]
794,[2,0,1.45455,1.66341,1.49584,2.85505,1.38361,1.07161,2.13263,1.63642,0.18557,1.70688]
795,[1.60043,0,3.37793,1.60043,0,1.65169,1.58958,1.36933,3.30329,1.58958,0,1.65169]
796,[1.65019,0,1.6,1.76749,1.71058,2.51577,0.727062,0.41297,2.52901,1.50309,0.332057,2.55598]
797,[1.65094,0,1.59812,1.71109,2.76429,4,1.1481,1.43566,2.08062,1.40265,0.344856,2.54828]
798,[1.72159,0,1.66503,1.61316,2.02776,3.86867,1.46634,0.529823,2.57836,0.715328,1.83977,2.57372]
799,[2,0,1.6,1.76563,0.0203438,1.77552,1.76352,0.418713,1.55813,2,0,1.52227]
800,[1.36742,0,2.36009,1.61084,0,1.72222,1.69537,0.0519679,1.71852,1.5878,2.04052,2.85126]
801,[2,0,1.55765,2,0.628037,1.59204,1.60281,1.98266,3.30329,1.60281,0.628037,1.59204]
802,[2,0,1.64404,1.5945,1.92364,3.28766,1.60663,0.510568,1.59043,2,0,1.54315]
803,[2,0,1.6,1.60687,0.251148,3.09954,1.60687,1.75e-08,1.6,2,0.0290938,1.59418]
804,[1.69257,0,1.59989,1.63217,1.29653,3.34578,1.62929,0.929115,1.67454,1.68509,1.24077,1.66867]
805,[1.62526,0,3.89341,1.72364,0.346576,1.56151,1.63663,0.383021,3.06071,1.63299,0.441761,1.72869]
806,[1.69716,0,1.69513,1.69716,0,1.68826,1.58216,1.9979,3.93916,1.58216,0,1.68826]
807,[1.60653,0,2.96303,0.76293,1.59348,2.90946,1.70742,1.08222,1.74025,1.77908,1.34276,1.51567]
808,[1.33459,0,2.50855,1.54363,0.41231,1.85211,1.73258,0.390537,1.67768,1.65212,1.25325,2.09351]
809,[1.74297,0,1.5294,2,0.276094,1.57239,1.72799,0.667407,2.35835,1.37012,0.380819,3.82043]
810,[1.67863,0,2.49541,1.31676,1.23259,3.65242,1.12967,2.13344,3.71214,1.68007,0.4212,1.66219]
811,[1.67052,0,1.6,1.67052,1.25399,3.59754,1.4818,0.359853,1.79974,1.4818,1.25399,3.59754]
812,[1.29902,0,3.86138,1.73537,0.366711,1.54819,1.75988,0.187659,1.89504,1.6466,0.783817,2.53603]
813,[1.34248,0,3.04085,1.39827,0,2.09624,1.34596,0.967835,3.18346,1.34469,1.78319,2.50482]
814,[1.46221,0,2.20125,1.32162,1.2454,3.68865,1.41121,2.01845,2.74463,1.38842,0,2.11015]
815,[1.72596,0,3.90017,1.59781,0.304711,1.66198,2,1.31043,1.56299,2,0.377196,1.56228]
816,[1.36768,0,2.13068,1.60481,0.773693,1.72621,1.56424,2.17159,3.4947,1.06134,3.13601,3.55095]
817,[1.62226,0,3.15057,1.62324,0.248199,1.57518,1.62324,0,3.15057,1.62226,0.245725,1.57543]
818,[1.24365,0,2.52752,1.37709,0.199003,3.10695,1.61021,0,1.6,1.69261,0.847441,2.52543]
819,[1.60113,0,3.0352,1.34798,0,3.64467,1.65722,0.149618,1.58504,2,0.00615442,1.68585]
820,[1.66759,0,1.68049,1.68569,0,1.72841,1.5978,1.67219,3.13687,1.29226,0.431241,2.51336]
821,[1.60213,0,1.74751,1.70121,0.220789,1.70588,1.70394,0.208465,1.71413,1.58252,0,2.26431]
822,[2,0,1.6,1.58477,0.827596,3.96868,0.938754,1.95379,3.9975,1.71286,0,1.59187]
823,[1.42039,0,2.61131,1.6506,0.516664,1.72037,1.57231,0.791714,2.5202,1.34094,0,2.0972]
824,[1.58369,0,1.70142,1.69258,0.0556544,1.7227,1.56152,1.49217,2.30408,1.35381,2.69213,3.06985]
825,[1.33203,0,2.25116,1.40497,0.740847,3.12333,1.13634,0,3.02416,1.43281,0.580897,2.93492]
826,[1.39316,0,2.64875,1.28132,2.09373,3.26428,1.5657,1.28233,1.75479,1.61557,0,2.18163]
827,[1.60037,0,2.78894,1.34399,2.49613,3.71074,1.27091,1.14557,2.24408,1.56882,0.864053,1.68177]
828,[0.765283,0,2.94047,1.48546,0.0714698,2.42461,1.69188,1.26422,1.51925,1.60635,1.43387,2.96046]
829,[2,0,1.59039,1.59825,1.36021,3.18094,1.59825,2.07642e-07,1.59039,2,0.941245,1.55793]
830,[1.68908,0,2.60451,1.31264,0.711453,3.13419,1.36551,0,3.61425,1.65911,0.00434026,1.59957]
831,[1.73629,0,3.85695,1.31375,0.656899,2.55718,1.65202,0.357337,1.54456,2,0.346355,1.54969]
832,[0.5,0,3.91148,0.5,2.40562,3.95138,1.7973,0.306115,1.56939,1.77253,1.41529,3.91454]
833,[1.6982,0,1.6,1.6982,0,1.6,1.61339,1.85882,3.20024,1.61339,0,1.6]
834,[1.71302,0,1.59572,2,1.05955,1.61537,1.70582,1.48124,2.41979,1.26206,2.79948,3.97096]
835,[1.00631,0,3.15136,1.40346,0,2.09895,1.43182,2.24377,2.55667,1.32219,1.23165,3.12778]
836,[1.69979,0,1.719,1.69979,0.0160355,1.71544,1.64531,1.30597,2.57181,1.64531,0.0160355,1.71544]
837,[2,0,1.45455,2,0.121656,1.57752,1.71986,1.31413,3.93931,1.71986,0.121656,1.57752]
838,[1.70475,0,2.87527,1.36877,0.0904203,2.21318,1.58866,0.88566,1.66668,1.6935,0.66106,1.70433]
839,[1.50329,0,2.54924,0.727342,1.29303,2.55263,1.47977,1.42058,2.54061,1.28927,0.183289,3.80443]
840,[1.46666,0,3.2,1.35589,1.19883,2.41014,1.48369,1.18921,2.42086,0.723904,0,2.41758]
841,[1.5923,0,1.70545,1.54886,1.99035,2.27501,1.34405,0.893161,3.41838,1.43344,0,3.87053]
842,[1.38378,0,2.99197,1.61956,0.35771,1.64763,1.67468,0.80275,2.84275,1.34812,0.33856,2.23735]
843,[0.75387,0,2.37252,1.50194,0.277088,3.55638,1.59413,0,1.84692,1.67165,1.20956,2.36234]
844,[1.6192,0,1.65236,1.7354,0.132082,1.85103,1.56093,0.588533,2.31677,1.35222,1.3195,2.31469]
845,[1.5907,0,3.94258,1.38959,1.89131,2.21271,1.31429,2.91831,3.27042,1.6222,0,1.6]
846,[1.62728,0,1.57662,1.70876,1.82327,4,1.34404,2.3316,3.14388,1.38744,1.37856,3.65536]
847,[1.37845,0,2.20548,1.60558,0.0270183,1.76467,1.77305,0.343573,1.56564,1.63189,0.616576,3.07668]
848,[1.49999,0,2.47,1.56228,0,1.75963,1.68786,1.29583,2.45069,0.73005,0.0383967,2.45968]
849,[1.65222,0,2.95574,1.37486,0.992323,2.21441,1.37486,0.492408,2.95574,1.65222,0.0434586,1.68713]
850,[1.5843,0,2.74903,1.5843,0.103762,1.75262,1.60948,0.522619,2.19793,1.60948,0.103762,1.75262]
851,[1.61601,0,1.6,1.74426,1.40165,1.82272,1.74426,2.49579e-07,1.6,1.61601,2.93822,3.19978]
852,[1.69016,0,1.5763,1.59096,0.206635,3.06996,0.777355,1.77747,3.05203,1.61027,0.0247269,1.57136]
853,[1.75603,0,1.59403,1.75704,0.0231209,1.77521,1.61296,1.3474,2.66591,1.60686,0,1.78083]
854,[1.33549,0,2.28571,1.33549,0.666231,2.28659,1.62454,0.978718,1.63716,1.62454,0.666231,2.28659]
855,[2,0,1.5836,2,0.547679,1.63785,1.68862,0.388941,1.67312,1.68862,0.547679,1.63785]
856,[1.59869,0,2.08475,1.59869,0.3905,1.73439,1.70461,0.490084,1.72332,1.70461,0.3905,1.73439]
857,[1.58674,0,3.45594,0.984112,0.922645,3.53422,1.47672,0.448304,3.6526,1.6378,0.314461,1.68306]
858,[1.61738,0,1.59202,1.65693,1.59173,3.60207,1.65693,0,1.59202,1.61738,1.85708,3.53573]
859,[1.6871,0,1.77778,1.76705,0.466675,1.55333,2,0,1.52758,2,0.317764,1.71798]
860,[1.56132,0,1.69536,1.64055,0.499432,2.93944,1.3594,0.208202,3.61726,1.32551,1.40281,2.83016]
861,[1.65615,0,1.73074,1.64257,1.21794,2.08634,1.43735,1.69966,2.60411,0.766715,0.402337,2.59961]
862,[1.54671,0,3.34463,1.32113,0.800962,2.63662,1.62525,0,1.58435,1.77136,0.81699,1.687]
863,[1.75658,0,1.77778,1.70645,0.0967026,1.75629,1.70645,6.42331e-08,1.77778,1.75658,0.0789586,1.58421]
864,[1.3646,0,2.08838,1.57586,0.35596,1.74046,1.69447,0.495723,1.7227,1.63765,0,3.7564]
865,[1.59279,0,1.45455,2,2.2484,2.85179,1.35125,0.320611,2.31613,1.34669,1.45949,2.89076]
866,[1.65788,0,1.6,1.56434,1.39977,3.30011,1.12036,2.32904,3.78064,1.34031,1.28464,2.23845]
867,[1.56559,0,3.92817,1.06682,1.05351,3.92963,1.40491,0.77578,2.52696,1.56823,0.817947,1.68689]
868,[1.20511,0,3.33789,1.47998,0,2.13831,0.852079,1.08269,2.13104,1.48895,2.55288,3.28086]
869,[1.76902,0,1.77778,1.54138,0.828798,2.70485,1.29809,1.62318,4,1.70992,1.22708,1.60036]
870,[1.504,0,2.28571,1.57017,0.846992,1.78825,1.69858,0.787423,2.40419,0.730577,2.01728,2.39309]
871,[1.29804,0,2.33955,1.48007,0,2.28571,1.28399,1.1658,3.84228,1.3888,1.16831,2.91656]
872,[1.6846,0,1.68052,1.69769,1.94932,2.5613,0.733547,0.657866,2.55702,1.66253,0.232693,1.70399]
873,[1.37941,0,2.58543,1.75971,0,1.56122,1.73842,0.279005,3.93025,1.07784,3.15365,3.96211]
874,[1.31936,0,2.14541,1.37379,2.08016,3.20287,1.31969,1.00032,2.14281,1.37471,1.11774,3.20389]
875,[1.60276,0,3.06738,1.1918,0.770758,3.11572,1.40192,0.119663,3.17607,1.59176,0.0284837,1.69874]
876,[1.48629,0,2.1415,0.84434,1.13334,2.12381,1.68008,0,1.74272,1.57327,2.81894,3.12385]
877,[1.61641,0,2.66667,1.41377,1.90536,3.04732,1.60423,0.210813,1.55784,2,0.781594,1.60409]
878,[2,0,1.6,1.62691,1.31704,3.34347,1.44371,2.24453,3.00997,1.62615,0.533795,1.54662]
879,[1.26519,0,3.2,1.61613,1.33125,1.60056,1.61613,8.67847e-07,3.2,1.26519,2.41716,3.21865]
880,[1.60887,0,2.20005,1.35541,0.965923,3.00682,1.60754,0.627205,1.67114,1.6942,0.3681,1.71258]
881,[1.71339,0,2.38247,1.3772,2.99214,3.54455,1.4438,2.40006,4,1.65819,0.174715,1.43866]
882,[1.32393,0,4,1.36731,0,3.07217,1.60323,0,1.55724,1.69502,1.91873,2.70469]
883,[1.46805,0,2.18623,1.59605,0.247635,1.64496,1.70986,1.46125,2.63923,0.756327,0.132163,2.63794]
884,[0.956664,0,3.1932,1.65051,0,1.74559,1.69017,0.306546,1.6626,1.58301,1.96342,3.25507]
885,[1.60366,0,3.85663,1.55197,0.341881,1.75341,1.56415,2.22204,2.40448,1.58061,0.282946,1.65818]
886,[1.70976,0,2.59591,0.738626,1.29745,2.59665,1.50316,1.29201,2.59689,1.62741,0,1.67944]
887,[1.63601,0,1.62435,1.60691,2.96597,3.33695,1.57434,1.36143,1.79081,1.55503,2.19358,3.02287]
888,[1.70931,0,1.59819,1.74009,0.393759,2.56438,0.732728,1.70932,2.55076,1.49386,2.80213,4]
889,[1.57024,0,3.19339,1.33721,0.0649919,2.52474,1.36579,1.02574,2.13918,1.58026,0.904649,1.82806]
890,[1.58887,0,4,1.59352,0.0596028,1.76453,1.62423,1.36036,2.65586,1.6134,2.95456e-07,1.6]
891,[1.61688,0,3.12812,1.6419,1.07315,1.65854,1.64451,0.509988,2.58167,1.57597,0.799827,1.68891]
892,[1.37852,0,3.32163,1.09645,0.907903,3.3535,1.58907,0.595516,1.67792,1.56042,0.493948,2.49246]
893,[1.74724,0,3.78571,1.45212,0.715277,2.89128,0.763483,2.06722,2.94117,1.62519,0.362414,1.51605]
894,[1.59955,0,1.69939,1.69668,0,1.68414,1.69608,0.042636,1.69436,1.61039,3.07416,3.3914]
895,[1.58751,0,3.96585,1.58751,0.321321,1.6912,1.69862,0.250001,1.70705,1.69862,0.321321,1.6912]
896,[1.71434,0,1.74915,1.63439,1.24886,2.10731,1.49561,0.608438,2.32206,0.756316,1.72119,2.34054]
897,[1.49722,0,2.63791,1.40762,0,2.09543,1.44993,1.52619,2.61553,0.752266,0.147779,2.62219]
898,[1.6107,0,1.63011,1.62955,1.67241,3.89644,1.23843,0.485165,2.38092,1.34569,4.23516e-22,3.2]
899,[1.67279,0,2.78092,1.56737,0.340229,1.73997,1.69836,0.485868,1.72379,1.77756,0,1.58498]
900,[2,0,1.54729,1.60519,2.43272,3.77064,1.61977,1.11717,1.60421,2,0.953066,1.50469]
901,[1.73451,0,2.21917,1.30791,0.399242,2.42562,1.33872,1.62109,3.86184,1.70805,0.0993221,1.59007]
902,[2,0,1.58525,1.68607,0,2.58162,1.35908,0.849723,2.16433,1.74702,0.360773,1.62159]
903,[1.35376,0,2.95054,1.37277,0.509578,2.09656,1.38067,0,2.85014,1.36745,0.825699,2.43575]
904,[1.58518,0,1.8244,1.57501,0.595253,3.15147,1.30068,0,2.51556,1.43406,0.514193,2.11842]
905,[1.60902,0,2.20382,1.40544,0.686583,2.18763,1.65818,0.0198847,1.59801,1.75875,0,1.76457]
906,[1.69981,0,1.71617,1.6449,1.29084,2.57283,1.64502,0.000925225,1.71602,1.69981,0,1.71767]
907,[1.60529,0,1.70388,1.69385,0,1.72427,1.62514,0.878493,2.14879,1.34854,1.91659,3.26679]
908,[1.58751,0,3.96585,1.58751,0.321321,1.6912,1.69862,0.25,1.70705,1.69862,0.321321,1.6912]
909,[1.61003,0,1.68963,1.69198,0,1.69803,1.65599,2.11394,2.55061,1.23871,3.33974,3.43317]
910,[1.60278,0,3.15064,1.5886,1.36687,1.79852,1.58995,1.80739,3.14941,1.60312,0,1.6]
911,[1.67744,0,3.56141,1.60242,0,1.73264,1.62681,1.25647,3.68588,1.64388,0,1.57492]
912,[1.63126,0,1.48743,1.76226,1.12868,3.71215,1.45078,1.76528,2.84694,0.759989,0.180441,2.90396]
913,[1.60161,0,3.17183,1.36229,1.31676,2.09761,1.63109,0,1.57487,1.6923,1.39767,1.62248]
914,[1.72707,0,1.56676,1.72707,1.17414,3.91529,1.58637,0.106904,1.58931,1.58637,1.17414,3.91529]
915,[1.57629,0,3.33296,1.1098,2.38772,3.30338,1.32985,1.22029,2.45361,1.69758,0,1.63503]
916,[1.34197,0,3.06965,1.32263,1.82372,3.69674,1.6779,0.0809201,1.66291,1.67837,0.479406,2.49927]
917,[1.63445,0,1.72935,1.62028,0.410158,2.16953,1.62028,0,1.72935,1.63445,0.410943,2.59818]
918,[1.36289,0,3.13934,1.62102,0,1.6,1.64704,3.23195,3.83011,1.31652,1.98998,2.33186]
919,[1.37565,0,3.06902,1.61009,0,1.74757,1.6294,0.429727,2.62119,1.42683,0.954817,2.09933]
920,[0.759955,0,2.89827,1.68066,0.429265,1.6515,1.70802,0.870895,1.57687,1.71079,1.30203,2.95411]
921,[1.70618,0,1.6,1.61184,0.259758,3.09653,1.61184,8.10651e-08,1.6,1.70618,0.397819,4]
922,[1.35653,0,2.11725,1.2354,0.656358,2.19195,1.60858,0.840624,1.65759,1.59702,0.54703,2.20757]
923,[1.56969,0,3.01888,0.77688,1.61295,2.98613,1.58869,0,1.52031,2,1.39247,1.53842]
924,[1.39046,0,2.2007,1.34235,0.546735,3.09065,1.3366,0,3.89166,1.42959,0.634749,3.53505]
925,[1.64659,0,2.2626,1.58155,0.297367,1.69524,1.58155,0,2.2626,1.64659,0.087446,1.59126]
926,[1.40262,0,2.19238,1.60462,0.742645,1.66004,1.58353,0.442173,2.7711,1.41074,0.506866,2.2133]
927,[1.42267,0,3.08777,1.59626,0.369132,1.7062,1.69323,0.335641,1.71896,1.57205,0,2.86639]
928,[1.66544,0,1.81212,1.75623,0.707053,1.58306,1.76701,1.24015,2.65062,0.743334,0,2.62865]
929,[1.5785,0,4,1.33051,1.94941,2.67704,1.59975,0.312613,1.71088,1.69195,0.323807,1.70584]
930,[1.57476,0,1.6971,1.61673,1.55693,2.0633,1.33625,1.10841,3.92225,1.17685,2.00776,3.95968]
931,[2,0,1.52434,1.61431,1.65312,2.97811,1.34566,1.292,3.677,1.68385,0.0757963,1.63247]
932,[0.732241,0,2.55714,1.66208,0.420197,1.70505,1.57507,1.28273,2.55016,1.50476,1.27375,2.55703]
933,[1.56199,0,3.2189,0.877903,2.07688,3.21847,1.55114,0.570957,1.60486,2,0,1.59709]
934,[1.3298,0,3.19788,1.57328,0.463703,1.82705,1.58182,0,2.13991,1.40234,0.637963,2.56034]
935,[1.60746,0,1.6,1.61785,0.648331,3.01578,1.61785,8.85507e-08,1.6,1.60746,0.820805,3.45859]
936,[1.32695,0,2.65756,1.56719,4.04874e-05,1.77777,1.61715,1.35273,2.09247,1.36539,0,2.38646]
937,[0.762611,0,2.46501,1.48622,0.615704,3.55159,1.30931,0,2.25708,1.4678,1.3251,2.44582]
938,[1.68161,0,2.79256,1.59368,0.719211,1.69787,1.61716,0,3.13003,1.62204,0,1.59243]
939,[1.2656,0,3.30503,1.26561,2.60741,3.2744,1.61003,1.26582,1.63713,1.61003,2.60741,3.2744]
940,[1.62851,0,1.66502,1.57143,3.10887,3.47358,0.892643,0.622699,3.55236,1.49229,0.370566,3.63715]
941,[1.5827,0,1.67272,1.68726,0.00706298,1.67739,1.57881,1.39119,3.94149,0.906886,0.19984,3.93438]
942,[1.5798,0,3.9952,1.5798,0.324864,1.70345,1.57822,0.00121574,2.28262,1.57822,0.324864,1.70345]
943,[1.39707,0,3.55348,1.59257,0.218022,1.6477,1.58744,1.61846,3.28652,1.31198,1.02307,2.5669]
944,[1.62118,0,3.54945,1.58896,0.169765,1.58302,1.58896,3.5075e-07,3.54945,1.62118,0.366779,1.68434]
945,[1.05883,0,3.43916,1.59717,0.357489,1.71963,1.68783,0.597854,1.71902,1.59743,0.955043,3.43816]
946,[1.35981,0,2.44675,1.32793,2.43896,3.67201,1.65903,0.341008,1.63443,1.60622,0,3.8307]
947,[0.730256,0,2.52968,1.46051,1e-08,2.52968,0.730256,1.26484,2.52968,1.46051,1.26484,2.52968]
948,[1.58776,0,2.57948,1.58776,0,1.72029,1.70276,0.0793465,1.70232,1.70276,0,1.72029]
949,[1.38037,0,3.23372,0.750029,1.27898,3.45682,1.74716,0,1.55454,1.67546,0.293749,2.49119]
950,[1.36345,0,2.09971,1.4264,0.432802,3.4219,1.28076,1.37276,3.3232,1.35197,0.924356,3.22029]
951,[1.66023,0,1.58808,2,0.116499,1.58835,2,0.945653,1.67271,1.66721,1.32798,2.52515]
952,[1.44461,0,3.88634,1.6195,0.354573,1.73838,1.69098,0,2.40543,0.747058,1.18655,2.41074]
953,[1.40188,0,2.09887,1.59079,0.463933,1.79454,1.60273,0.914099,2.69199,1.439,0.242802,2.99918]
954,[1.70203,0,1.76329,1.62586,0,2.0799,1.65114,0.00592784,1.59941,1.74863,1.56477,1.79852]
955,[1.31193,0,3.25181,1.58587,0.241005,1.614,1.61329,2.12523,3.57669,1.29876,0.873337,2.54632]
956,[1.4379,0,2,1.47701,0.51748,3.24056,1.44116,3.30961,3.58251,1.40217,0.894809,3.06094]
957,[1.61964,0,1.73852,1.58689,0.374302,3.47388,1.58365,0.0133697,1.73672,1.61949,0,2.17462]
958,[0.774352,0,2.8822,1.43721,0.697111,2.26881,1.74959,1.07903,1.5118,1.63024,1.28236,2.94353]
959,[1.61343,0,1.5964,1.70848,2.77616,3.99173,1.68337,1.39805,1.62244,1.5984,1.66448,3.24191]
960,[1.72246,0,3.8939,1.7044,0.0551665,1.59448,1.69777,0.0113262,1.59887,1.69611,0.205547,1.57945]
961,[1.61233,0,1.67771,1.57552,1.38723,2.80082,1.57552,1.4974e-07,1.67771,1.61233,0.343691,3.18154]
962,[1.73586,0,1.6,1.73904,1.14259,2.2858,0.792077,0.00848926,2.28329,1.4605,6.67743e-07,2.66667]
963,[1.63431,0,1.70749,1.59599,3.07021,3.41503,1.41065,2.07496,4,1.23484,0.404525,2.14352]
964,[1.40131,0,2.28571,1.57229,0.216475,1.72431,1.6969,0.212771,1.72017,1.59981,1.55786,2.66069]
965,[1.69016,0,1.5763,1.59096,0.206635,3.06996,0.777355,1.77747,3.05203,1.61027,0.0247267,1.57136]
966,[1.70081,0,1.73353,1.70081,0.228059,1.70868,1.57981,0,2.264,1.57981,0.228059,1.70868]
967,[1.6403,0,3.24023,1.61265,0,1.65295,1.59553,0.717058,3.9215,1.72224,0.317907,1.56821]
968,[1.77412,0,1.5922,1.70936,0.390422,2.38941,1.70936,0,1.5922,1.77412,0.858776,1.68236]
969,[1.60667,0,1.6,1.62347,0.792141,3.48131,1.67364,1.03433,1.49657,1.69312,0,3.93315]
970,[1.57371,0,1.66542,1.58256,3.0429,3.39117,1.02876,0.604913,3.43915,1.41294,0.279845,2.77455]
971,[1.42256,0,2.80413,1.6887,0,1.6,1.65635,3.04384,3.67144,1.1964,2.25039,3.11985]
972,[1.62808,0,3.16179,1.60976,0,1.67395,1.60586,0.0456639,3.14581,1.61115,0.274395,1.57256]
973,[1.19009,0,2.66667,1.39592,0,3.53449,1.30719,0.967664,2.11622,1.39605,0.954582,2.64534]
974,[1.69106,0,1.69544,1.6003,0.34166,3.39087,1.6003,1.75711e-07,1.69544,1.69106,0.169373,1.69574]
975,[1.38816,0,2.50722,1.60095,0.375566,1.72533,1.69714,0.243372,1.74416,1.60545,0.638437,2.19451]
976,[1.6863,0,1.70676,1.6863,0.281385,1.70676,1.6863,0,1.70676,1.6863,0.281385,1.70676]
977,[1.44446,0,3.27114,1.62363,0.249491,1.57303,1.79447,0.686809,1.70147,1.63935,0.824231,2.94913]
978,[1.59448,0,3.40578,1.29137,0.721773,2.36524,1.33283,0,3.81486,1.59239,0.271103,1.63508]
979,[1.66417,0,1.52784,1.74616,1.14503,2.30645,1.38684,1.78178,2.88618,0.770992,0.220301,2.95292]
980,[2,0,1.68172,1.57431,0.226377,2.25337,1.33933,1.26364,2.82663,1.68043,1.22183,1.61892]
981,[1.23104,0,2,1.61833,0.513323,1.84959,1.73932,0.210415,1.63919,1.60187,1.03367,4]
982,[1.70347,0,1.62787,1.70347,0,1.6,1.7081,0.019726,1.59803,1.7081,0,1.6]
983,[0.645192,0,3.34507,1.5528,0.228,1.67267,1.68762,0.14411,1.67267,1.5528,2.04588,3.34507]
984,[1.49106,0,2.63257,1.45188,1.00263,2.32943,0.872366,0,2.28571,1.42363,0.287201,2.53287]
985,[2,0,1.60483,1.54195,0,3.18759,0.883152,1.14229,3.18589,1.55093,1.05072,1.59421]
986,[1.59825,0,1.59039,2,0.941246,1.55793,2,3.68752e-07,1.59039,1.59825,1.36021,3.18094]
987,[1.70227,0,2.82612,0.750873,1.53341,2.77888,1.74584,0,1.64886,1.68917,0,1.61594]
988,[0.804281,0,2.28571,1.4631,0.787296,2.65869,1.62841,0,1.6,1.74417,1.14651,2.28349]
989,[1.40397,0,3.12385,1.63912,0.934748,1.67392,1.76369,0,1.59938,1.61742,0.788013,2.13404]
990,[1.46082,0,2.13392,0.90879,0.971869,2.14688,1.52014,0.201531,3.76643,1.34427,0.632212,2.99546]
991,[1.37047,0,2.56575,1.57038,0.260396,1.67182,1.59579,0,3.3284,1.38506,0.627278,2.1961]
992,[1.64623,0,1.77052,1.58627,0,3.46066,1.37889,2.71135,4,1.10962,1.36945,2.09008]
993,[1.61747,0,1.7231,1.62499,0.840724,2.15599,1.62389,0.419361,1.71922,1.60431,1.76702,3.4391]
994,[1.38366,0,2.69755,1.29067,0.677197,3.37554,1.53684,1.45075,1.69935,1.57387,0.667939,2.24944]
995,[0.935409,0,3.40537,1.55264,0,1.67758,2,0,1.57254,1.68952,2.26607,3.41615]
996,[1.72699,0,1.71774,1.57408,0.898824,2.84658,1.52561,1.12044,2.29452,0.760885,0,2.28571]
997,[1.35566,0,2.46655,1.69026,0.405489,1.64438,1.56656,1.80541,3.2877,1.07433,2.84327,3.28369]
998,[1.69257,0,1.6,1.68862,1.21216,2.06995,1.15419,0.41579,4,1.70819,0,1.6032]
999,[1.60347,0,1.6,1.64599,0.607654,2.24755,1.46118,0.679342,2.34684,1.30018,1.76909,3.11736]
1000,[1.67706,0,2.48075,0.757707,1.31417,2.45905,1.46236,0,2.17978,1.60562,0.183838,1.82495]
