
1,[1.69462,0,1.71565,1.69463,0.220669,1.67545,1.61102,3.24008,3.57248,1.61106,0.220962,1.67542]
2,[1.74617,0,1.6,1.69263,4.1202e-08,1.6,1.74387,0.156174,2.56918,0.73405,1.45665,2.56154]
3,[1.57594,0,2.5908,1.50469,0.0210914,2.58392,0.73344,1.33445,2.57567,1.66321,8.20569e-08,1.72755]
4,[1.63544,0,1.57377,1.62976,0.306014,2.60972,1.37764,0.124416,3.75368,1.10133,1.3244,3.6689]
5,[1.6698,0,1.72294,1.69426,0.00974267,1.67483,1.66079,0.41792,2.09294,0.98947,1.54866,2.06447]
6,[1.69873,0,1.6,1.69869,0.316283,1.56837,1.69869,2.02808e-07,1.6,1.69873,0.334467,1.56655]
7,[0.712555,0,2.28571,1.45366,0.000120935,2.28569,0.712554,1.12188,2.29272,1.4534,1.12182,2.29273]
8,[0.777604,0,3.10674,1.58459,7.50882e-08,1.56816,1.6903,1.13632e-08,1.56564,1.59467,1.63814,3.07079]
9,[0.777582,0,3.1064,1.58458,1.57905e-08,1.568,1.6903,4.47644e-08,1.56546,1.59472,1.63814,3.07041]
10,[1.44967,0,2.82201,0.768465,1.44676,2.80939,1.53669,0.812866,2.09173,1.39486,9.22827e-08,2.36574]
11,[1.5275,0,2.28571,0.744731,1.11788,2.29398,1.47805,1.11035,2.29158,1.32258,2.1336,2.77328]
12,[1.41754,0,2.14383,1.63243,0.0431667,1.70478,1.55806,1.80926,3.44645,0.959399,0.597779,3.48574]
13,[0.781307,0,2.28571,1.60429,0.320614,1.70653,1.69446,0.597923,1.64493,1.73763,1.0903,2.30325]
14,[1.76125,0,1.6,1.61653,0.814303,2.13153,1.6266,7.22834e-08,1.7661,1.70189,4.38374e-08,1.77778]
15,[1.44917,0,2.14725,0.719435,1.06862,2.14794,1.4543,1.13804,2.12314,0.724103,0.0364933,2.13467]
16,[1.73346,0,1.62157,1.69031,0.0220671,1.63271,1.73699,0.486447,2.7776,0.738707,1.89012,2.77507]
17,[1.58035,0,1.77778,1.76905,8.75712e-08,1.6,1.64668,2.88564,3.34908,0.967533,0.39961,3.45291]
18,[1.57841,0,2.92412,0.770772,1.55818,2.88678,1.5086,1.59353,2.88129,1.63634,7.49662e-08,1.47121]
19,[1.28239,0,2.42738,1.28239,0.670555,2.42737,1.28239,7.31086e-06,2.42737,1.28239,0.670555,2.42737]
20,[1.21249,0,3.06281,1.61385,0.32017,1.65546,1.61855,2.30812,3.79191,0.5,0.813828,3.52948]
21,[1.76444,0,1.6,1.69949,0.124334,1.58756,1.64932,0.430442,2.22422,1.59773,7.75059e-08,1.77778]
22,[1.68629,0,1.70678,1.68628,0.28158,1.70675,1.68629,9.21378e-05,1.70676,1.68629,0.28155,1.70676]
23,[1.38696,0,2.19651,1.37606,0.900086,3.01998,1.31657,0.0830137,2.5464,1.34561,0.622847,2.18891]
24,[1.60112,0,2.28571,1.48116,1.54104,2.50362,0.74288,0.209841,2.52335,1.72108,0.398203,1.70948]
25,[1.68628,0,1.70678,1.68628,0.281602,1.70676,1.68629,0.000173914,1.70676,1.68629,0.281599,1.70676]
26,[1.65104,0,3.80899,1.03162,1.78903,3.5761,0.5,6.85617e-08,3.45028,1.60728,0.409325,1.69242]
27,[1.29853,0,2.46553,1.36911,9.64329e-09,2.20194,1.6132,0.118486,1.67909,1.64499,1.35971,3.56211]
28,[1.68629,0,1.70677,1.68629,0.28156,1.70675,1.68629,0.000114596,1.70676,1.68629,0.281532,1.70676]
29,[0.735618,0,2.61464,1.50525,6.60057e-08,2.61988,1.62867,0.215801,1.57842,1.7762,1.32527,2.60722]
30,[1.58473,0,1.67999,1.72587,8.0027e-08,2.22596,0.854881,0.993066,2.24388,1.46627,0.207428,2.25608]
31,[1.29279,0,2.38865,1.42991,5.66765e-08,2.26678,1.37661,2.47848,3.30105,1.38378,1.64798,2.38961]
32,[0.712555,0,2.28571,1.45366,7.30833e-05,2.2857,0.712555,1.12181,2.29274,1.4534,1.12178,2.29275]
33,[1.68629,0,1.70679,1.68629,0.28146,1.70678,1.68629,8.3201e-05,1.70677,1.68629,0.281479,1.70677]
34,[1.37443,0,2.19765,1.37433,0.617642,2.19748,1.61546,0.833038,1.82928,1.61548,0.617826,2.19745]
35,[1.58928,0,1.77636,1.76094,0.00853324,1.59915,1.64659,0.324154,2.23941,1.37103,0.78318,2.95269]
36,[0.739518,0,2.63414,1.72057,1.1532e-08,1.69703,1.69124,0.123594,1.65216,1.72928,1.30757,2.64206]
37,[1.2824,0,2.4163,1.2824,0.670562,2.41629,1.28238,1.76158e-05,2.41629,1.28239,0.670559,2.41629]
38,[1.69583,0,1.71902,1.72581,0.0222437,2.28253,0.760956,1.15173,2.28928,1.73177,3.52223e-08,1.7157]
39,[1.45644,0,2.28571,0.712215,1.11437,2.29514,1.45425,1.08074,2.30626,0.712375,2.24039,2.30367]
40,[0.746555,0,2.36156,1.4976,0.450999,2.22129,1.602,0.63887,1.68874,1.72282,1.12825,2.37908]
41,[1.75714,0,1.58944,1.66752,0.361497,3.03937,1.35146,4.50555e-08,2.28502,1.58809,0.518492,1.86485]
42,[1.69529,0,1.56924,1.68665,0.0204366,1.59796,1.74782,0.479075,2.8821,0.752846,1.90096,2.91517]
43,[1.69807,0,1.77778,1.62106,1.59802e-07,2.09272,1.37145,1.21145,2.44713,1.56385,0.17937,1.74741]
44,[1.64216,0,2.24083,1.60591,0.43764,1.72915,1.7672,1.00085e-07,1.59747,1.6997,6.61563e-08,1.6]
45,[1.68628,0,1.70678,1.68628,0.281531,1.70676,1.6863,0.000155942,1.70675,1.68629,0.281555,1.70676]
46,[1.69901,0,1.6,1.69901,0.336319,1.56637,1.69901,1.13238e-05,1.6,1.69901,0.336317,1.56637]
47,[1.70761,0,1.6,1.68449,8.3655e-08,3.65486,0.932847,2.41495,3.72176,1.48091,2.0124,3.99631]
48,[1.61176,0,1.70441,1.65123,0.428678,3.79109,0.929475,1.68905,3.74842,1.37883,8.99076e-08,2.21348]
49,[1.62945,0,3.66981,1.62991,0.236848,1.57632,1.69662,0.0701639,1.59298,1.69641,0.250206,1.57497]
50,[1.19129,0,3.7705,1.35816,0.423339,2.08702,1.46956,0.313299,2.17725,1.40513,0.945809,3.76354]
51,[1.69716,0,1.77778,1.70411,1.17069,2.27883,0.78232,0.0148155,2.28358,1.60856,0.160496,1.7437]
52,[1.58265,0,1.74053,1.71602,9.78197e-09,2.28571,0.733513,1.09621,2.29667,1.49813,0.992056,2.31348]
53,[1.70122,0,1.74754,1.60205,5.42663e-06,2.26437,1.58222,0.209659,1.71395,1.70395,0.220898,1.70589]
54,[1.55175,0,1.6974,1.58584,2.02205,3.39545,1.42878,1.62681,3.39509,0.546899,0.282723,3.39493]
55,[1.47712,0,2.28452,1.30713,0.645751,2.94115,1.49612,1.11303,2.29567,0.734828,3.76375e-08,2.28571]
56,[0.72306,0,2.4614,1.45899,2.44572,2.46525,0.723381,1.20918,2.46514,1.45888,1.22214,2.46298]
57,[1.50995,0,2.96993,1.61343,6.26118e-09,1.5016,1.60482,1.62548,2.93535,0.769436,0.161629,2.92374]
58,[1.50448,0,2.66667,1.65166,7.75412e-09,1.63903,1.73629,1.48098,2.62075,0.736895,0.118454,2.63483]
59,[1.42082,0,2.19201,1.59685,0.845606,1.84473,1.59685,3.63983e-05,2.192,1.42082,0.230248,2.62829]
60,[1.61019,0,2.15082,1.49809,0.0860809,2.12854,0.767484,1.19681,2.11474,1.68388,1.31892,1.61886]
61,[1.69839,0,1.68315,1.69839,5.14239e-07,1.69226,1.61449,1.90792,3.24122,1.61449,2.58707e-06,1.69226]
62,[1.28774,0,2.44451,1.47676,0.0527415,2.45285,0.723823,1.31163,2.44806,1.5289,1.16794,3.66079]
63,[1.58089,0,1.6,1.61791,0.833379,2.12864,1.372,1.05514,3.16393,0.986323,7.77576e-08,3.15577]
64,[1.68629,0,1.70679,1.68629,0.281535,1.70677,1.6863,0.000175292,1.70676,1.68629,0.281598,1.70676]
65,[1.46863,0,3.72004,1.42739,0.434171,1.94573,1.71271,0.393935,1.56061,1.66468,0.69575,3.43579]
66,[1.17064,0,4,1.59361,0.34186,1.70181,1.6938,0.279738,1.71562,1.65427,0.727897,2.07775]
67,[0.766033,0,2.35673,1.53438,0.936073,3.29535,1.17587,0.312821,3.13744,1.47778,1.12262,2.37392]
68,[1.64815,0,1.6,1.69489,6.0063e-08,1.6,1.76413,4.14694e-08,1.77778,1.61724,3.09442,3.66317]
69,[1.36763,0,2.60378,1.4376,0.370598,2.23268,1.26838,1.55514,2.31386,1.37014,1.69981e-08,2.28571]
70,[1.32041,0,2.22719,1.60276,0.617898,1.83291,1.74191,0.113298,1.65521,1.66122,0.524931,2.88805]
71,[1.50995,0,2.97019,1.61343,7.19283e-08,1.50174,1.60474,1.62556,2.93565,0.769471,0.161667,2.92398]
72,[1.69014,0,1.57795,1.59031,0.207435,3.0729,0.777645,1.78187,3.0539,1.60995,0.0282175,1.57229]
73,[0.752036,0,2.85587,1.69054,1.8568e-08,1.62969,1.68929,8.33202e-08,1.60631,1.70522,1.54165,2.82719]
74,[1.70853,0,1.6,1.70853,0.00836107,1.59913,1.70853,6.72633e-06,1.6,1.70853,0.005188,1.59948]
75,[1.7707,0,1.45455,1.66335,1.57956,2.843,0.772118,0.27445,2.78039,1.42512,0.328482,2.20144]
76,[1.38825,0,3.61606,1.42493,0.713098,3.2071,1.3719,4.55355e-08,2.30298,1.39573,0.683454,2.2539]
77,[1.76221,0,1.6,1.6206,0.211432,2.14776,1.6264,0.184971,1.72387,1.70165,5.27094e-09,1.76993]
78,[1.69117,0,1.69544,1.69117,0.168299,1.69565,1.60031,1.52205,3.3913,1.60028,0.16829,1.69565]
79,[1.72006,0,1.6,1.75558,1.0847,1.79477,1.58942,1.20813,2.09412,1.37411,0.307658,2.44671]
80,[0.7354,0,2.40425,1.52974,3.7843e-08,2.89269,0.746525,1.39603,2.90297,1.67566,1.20976,2.40421]
81,[1.73034,0,3.90058,1.72702,0.39317,1.56068,2,6.41489e-09,1.51312,2,0.246912,1.57531]
82,[1.46058,0,2.32212,0.767953,1.09706,2.34393,1.45894,0.000347377,3.99991,1.25044,0.500382,2.14702]
83,[0.730917,0,2.53571,1.46066,6.8277e-07,2.53563,0.73092,1.26827,2.53552,1.46066,1.26839,2.53553]
84,[1.76013,0,1.57987,1.76013,0.2917,1.74536,1.70661,0.287316,1.74367,1.70661,0.291702,1.74536]
85,[1.7082,0,1.6,1.7082,1.25148e-06,1.6,1.70375,9.88457e-08,1.62719,1.70375,1.24533e-06,1.6]
86,[1.75645,0,1.77778,1.75644,0.0275519,1.59723,1.70531,0.0252679,1.59747,1.70531,0.0275945,1.59722]
87,[1.67589,0,1.69572,1.62822,0.00663048,3.81762,1.45091,1.63719,2.56147,0.728489,0.377899,2.55455]
88,[1.41017,0,3.94833,1.20002,2.99306,3.96506,1.31734,1.9,2.35,1.44641,0.256656,2.18508]
89,[1.61115,0,1.6,1.69581,0.0442979,1.59555,1.72742,1.20898,2.40937,0.757655,3.93468e-08,2.4091]
90,[1.68631,0,1.70676,1.68631,0.2813,1.70677,1.6863,2.15978e-06,1.70676,1.68631,0.281328,1.70677]
91,[1.7503,0,1.6,1.60516,0.252562,3.14949,1.55962,0.264694,2.2479,0.767414,1.38258,2.25019]
92,[1.41056,0,2.5797,1.27899,1.1999,3.70003,1.36464,0.801308,2.42767,1.27413,7.76509e-09,2.44322]
93,[1.28834,0,3.79173,1.61694,0.803478,1.63196,1.68871,0.813678,1.65087,1.62957,0.656701,3.83582]
94,[1.59824,0,2.28571,1.33885,3.45265,3.7856,1.73487,0.287269,1.60811,1.69527,0.615302,1.53847]
95,[1.74534,0,3.8161,1.31635,0.536506,3.86587,1.31634,1.64823e-08,3.81609,1.74536,0.365554,1.52975]
96,[1.68628,0,1.70678,1.68629,0.281476,1.70677,1.6863,6.10599e-05,1.70676,1.68629,0.281465,1.70676]
97,[1.19265,0,2.118,1.26236,0.709803,2.18431,1.66094,0.472176,1.55278,1.66734,0.759353,2.17724]
98,[1.50715,0,2.82877,1.66147,6.41244e-08,1.5742,1.72236,1.59837,2.75111,0.746883,0.178216,2.76388]
99,[1.35114,0,2.35295,1.36276,1.59769,3.29245,1.18225,0.468295,3.3945,1.39924,0.745018,3.48232]
100,[1.62569,0,2.9236,1.5098,0.0635019,2.89862,0.767693,1.47346,2.91859,1.61331,1.31313,1.49838]
101,[1.68628,0,1.70679,1.68628,0.281533,1.70677,1.68629,0.000150404,1.70677,1.68629,0.281489,1.70677]
102,[1.78541,0,1.57705,1.62251,1.44152,3.12503,1.56082,0.449993,1.72778,1.69704,0.390979,1.73434]
103,[1.60533,0,1.6,1.65047,6.05204e-08,3.62839,1.65792,0.0756734,1.59243,1.62012,1.39857,3.18792]
104,[1.5822,0,1.68867,1.69705,0.0193118,1.6932,1.69705,0.000303029,1.68864,1.58211,1.99908,3.94001]
105,[1.74424,0,1.64238,1.70107,1.19237e-06,1.64238,1.74424,0.499964,1.80892,1.70387,0.499958,1.80892]
106,[1.60998,0,2.93072,1.6273,0.372925,1.67941,1.68442,0.431727,1.66185,2,1.02319e-06,1.45455]
107,[1.58258,0,2.24009,1.58434,0.767358,1.69252,1.70166,0.638317,1.70152,1.70132,0.78492,1.69056]
108,[1.4626,0,3.6484,1.63946,0.182843,1.58172,1.72244,2.16128,2.72524,0.737974,0.812627,2.72201]
109,[1.37248,0,2.44097,1.28243,0.772341,2.44398,1.4015,1.2023,2.11396,1.34506,0.724044,3.59509]
110,[1.69902,0,1.73665,1.68781,6.04873e-08,1.69274,1.72136,0.297718,2.54728,0.731936,1.56082,2.54582]
111,[1.69311,0,1.6,1.7521,1.14397,1.79751,1.61654,1.61345,2.05522,1.65884,1.24198,1.63978]
112,[1.70118,0,1.74786,1.60203,1.64831e-08,2.26475,1.5824,0.208349,1.71449,1.70393,0.221685,1.70603]
113,[1.61637,0,2.1388,1.41317,0.59368,2.13923,1.63291,0.778122,1.786,1.70058,0.81492,1.78533]
114,[1.70354,0,1.6,1.70364,0.220041,1.578,1.70363,2.72199e-05,1.59999,1.70354,0.22309,1.57769]
115,[1.73913,0,1.6627,1.6374,0.393483,2.21667,1.49834,0.440477,2.22279,0.734228,1.54154,2.23368]
116,[1.74414,0,1.6,1.69237,0.0522866,1.59477,1.74848,1.46224,2.56479,0.734176,0.156411,2.57335]
117,[1.56927,0,1.76593,1.60579,5.99671e-08,2.20814,1.60402,0.034004,1.76079,1.56455,1.59727,2.32044]
118,[0.712555,0,2.28571,1.45366,0.00022721,2.28568,0.712554,1.12198,2.29271,1.45339,1.12182,2.29274]
119,[1.53289,0,1.72348,1.69379,4.41847e-08,1.727,1.51717,0.865412,3.44664,1.40211,0.867652,2.29628]
120,[1.62276,0,3.15136,1.62084,0.246801,1.57532,1.69448,7.85878e-08,1.6,1.69435,0.251621,1.57483]
121,[1.72495,0,1.58915,1.6176,0.783034,2.65386,1.35532,3.28725,3.83287,0.993386,0.440987,3.88975]
122,[1.58904,0,3.03427,0.77809,1.62381,2.97785,1.45206,0.51776,2.14001,1.74667,3.16336e-08,1.53371]
123,[1.51937,0,3.96198,1.31206,0.187292,2.16552,1.45499,1.71854,2.38024,0.769798,0.479528,2.40059]
124,[1.65037,0,1.74416,1.6989,0.182638,1.69299,1.65657,0.172359,2.11894,0.874763,1.28866,2.10162]
125,[0.744823,0,2.39795,1.55496,0.552922,2.81753,0.740541,1.99461,2.80108,1.67472,1.17677,2.40566]
126,[1.6005,0,3.38658,1.60086,0.341729,1.69275,1.69093,0.116361,1.70532,1.69091,0.34135,1.69286]
127,[1.69455,0,1.74017,1.63416,1.29537,2.61413,1.32968,0.0146232,2.23311,1.59926,0.201717,1.69528]
128,[1.73654,0,1.59394,1.62435,0.834017,2.11654,1.5063,1.18924,2.46846,0.763383,3.37641e-09,2.46113]
129,[1.61101,0,1.50573,1.62512,0.1875,2.93645,1.50994,0.243963,2.91388,0.770266,1.65259,2.93804]
130,[1.40772,0,2.65857,1.49568,2.30496,2.73901,0.772944,0.791295,2.77294,1.4305,0.230779,2.08937]
131,[1.6968,0,1.63303,1.61841,1.43625,3.77038,1.64381,0.157147,1.58429,1.69226,1.29873e-08,1.63966]
132,[1.30612,0,3.51547,0.982783,1.36916,3.4248,1.58662,1.86707e-08,1.64433,1.62871,1.30883,2.63009]
133,[1.61762,0,3.89854,1.7226,0.338448,1.56616,1.78485,0.413417,1.73184,1.69643,0.434669,1.72943]
134,[0.820727,0,2.13471,1.7585,0.067429,1.59326,1.75828,2.54368e-08,1.77778,1.69391,1.08186,2.13116]
135,[0.765403,0,2.28571,1.72054,0.0787101,1.70976,1.70256,0.561724,1.64738,1.73704,1.08397,2.30353]
136,[1.50094,0,2.64404,1.50103,1.15752e-08,2.64471,1.04829,1.31839,2.64662,1.04613,5.22186e-08,2.64473]
137,[1.69087,0,1.58456,1.72928,1.69855,2.74598,0.740684,0.36339,2.73056,1.46543,0.372678,3.56499]
138,[1.65838,0,1.6,1.68718,0.151879,1.58481,1.72917,2.79527e-06,3.89022,1.42879,2.1866e-08,3.62412]
139,[1.47745,0,2.28443,1.38187,2.31388,3.41151,1.39106,1.12421,2.29258,0.770999,7.65682e-08,2.28571]
140,[1.70327,0,1.72314,1.70327,8.218e-08,1.69789,1.70252,0.0629171,1.71476,1.70252,4.62868e-08,1.69789]
141,[1.60242,0,1.74637,1.70131,0.217911,1.70541,1.70399,0.209294,1.71287,1.58284,7.13444e-08,2.26291]
142,[1.05369,0,3.4043,1.60522,0.348948,1.70249,1.68599,0.627367,1.69811,1.60573,0.97279,3.39688]
143,[1.7003,0,1.6,1.63536,0.231035,2.25271,1.59981,1.39512e-07,1.77415,1.76558,6.90095e-07,1.6]
144,[0.792949,0,2.24157,1.60428,1.24734,2.45878,0.76176,0.165602,2.43353,1.50314,0.98538,2.27047]
145,[1.4358,0,2.67696,0.795353,1.26404,2.71244,1.42399,0.710609,2.09592,1.42028,0.120916,2.11677]
146,[1.38822,0,2.18768,1.62235,0.554091,1.81437,1.65298,0.0204156,2.98946,1.35786,0.617726,2.18724]
147,[1.4361,0,2.11898,1.45438,1.58939,2.63398,0.770914,0.241236,2.63235,1.47845,0.596257,2.11838]
148,[1.70775,0,1.6,1.70249,1.22118,1.64209,1.70249,2.67566e-07,1.6,1.70775,7.24104e-08,1.6]
149,[0.854669,0,2.12717,1.69816,0.908721,1.67681,1.69908,1.0231,1.65768,1.68256,0.977011,2.14614]
150,[1.61067,0,1.6,1.69605,2.63239e-08,1.6,1.71676,0.377174,2.40471,0.758684,1.5908,2.40153]
151,[1.55106,0,3.33098,0.904634,2.17524,3.35053,1.44329,2.25849,3.36264,2,6.18271e-08,1.64445]
152,[1.27403,0,3.40991,1.59582,0.348097,1.7045,1.59569,3.54945e-05,3.40994,1.27408,0.722385,3.4103]
153,[1.50071,0,2.67739,0.768764,1.27704,2.70347,1.43496,0.71817,2.08943,1.44594,0.0962259,2.64115]
154,[1.68629,0,1.7068,1.68629,0.28166,1.70676,1.6863,0.000187456,1.70676,1.68629,0.281616,1.70677]
155,[1.70187,0,1.72272,1.70059,1.64091,1.70247,1.69906,0.0759043,1.71264,1.7007,1.57425e-08,1.69451]
156,[1.7168,0,1.59301,1.72672,1.23993,1.84501,1.72106,0.760744,1.69325,1.69968,1.1778,1.64691]
157,[1.68633,0,1.70674,1.68632,0.281084,1.70677,1.68631,9.83445e-10,1.70674,1.68633,0.281159,1.70678]
158,[0.750311,0,2.46629,1.47501,0.332014,3.79867,1.56739,4.97597e-09,1.72516,1.68385,1.24843,2.4586]
159,[1.48421,0,2.41614,1.36079,0.00469755,3.62612,1.47523,0.709274,2.54845,0.736857,2.04689,2.52991]
160,[1.75658,0,1.77778,1.70645,0.0967788,1.75628,1.70645,0.000125906,1.77776,1.75658,0.0790267,1.5842]
161,[1.50797,0,2.5206,1.56614,0.723679,1.69737,1.66955,1.1274,2.55566,0.731642,2.43122,2.54727]
162,[1.69014,0,1.57797,1.5905,0.207713,3.07283,0.777627,1.78226,3.0538,1.60995,0.0286878,1.57223]
163,[1.75574,0,1.6,1.6142,1.34274,2.66291,1.50566,1.41266,2.63495,0.736471,0.108777,2.63042]
164,[0.712562,0,2.28571,1.45367,2.27094e-07,2.28571,0.712565,1.12109,2.29288,1.4534,1.12132,2.29283]
165,[1.32866,0,2.25814,1.55755,0.270387,1.69789,1.69091,0.19784,1.74685,1.57925,1.13148,3.35652]
166,[1.28243,0,3.54794,1.28245,0.670611,3.54793,1.28236,0.000101454,3.54792,1.28237,0.670612,3.54793]
167,[1.56911,0,1.9295,1.5691,1.29289,2.10102,1.33779,1.7912,2.28397,1.33787,1.29249,2.10107]
168,[1.32602,0,2.09418,1.60717,0.398607,1.73349,1.69284,0.414694,1.68884,1.65801,0.842803,2.5262]
169,[1.70309,0,1.70866,1.70309,7.55568e-08,1.71641,1.58857,0.00479161,2.57216,1.58853,2.21726e-08,1.71648]
170,[1.60939,0,2.23275,1.58976,0.753852,1.68978,1.70143,0.589145,1.70277,1.70298,0.603718,1.7107]
171,[1.69469,0,1.6,1.67772,0.000394446,2.28566,1.34511,1.20029,2.86297,1.70845,0.000447513,1.59569]
172,[1.68629,0,1.70677,1.68629,0.281491,1.70676,1.6863,0.000103872,1.70676,1.68629,0.281486,1.70676]
173,[1.69317,0,1.7322,1.61314,0.871825,3.02557,1.44061,0.739282,2.88337,1.58145,7.55743e-08,1.72212]
174,[1.58425,0,1.6,1.56683,0.930765,2.38148,1.38677,2.87438,3.98963,0.897616,1.629,4]
175,[1.25254,0,2.61296,1.40129,0.564574,2.12199,1.64052,0.513423,1.70644,1.59387,0.580606,3.44585]
176,[1.32186,0,4,1.32187,0.551766,2.12632,1.38648,1.26011e-08,2.12625,1.38643,0.551709,2.12633]
177,[1.61668,0,2.23088,1.59161,0.742372,1.6901,1.60774,0.378847,3.38788,1.59753,0.569924,1.71445]
178,[1.48339,0,1.77065,1.57222,1.83207,3.54853,0.889771,0.689613,3.55331,1.49134,0.777932,3.5548]
179,[1.68873,0,1.71166,1.63818,0.416132,2.99205,1.37645,3.46644,3.86426,1.61597,0.190422,1.69287]
180,[1.55735,0,3.39198,0.968369,1.11098,3.39138,1.37699,1.02924,2.25987,1.55124,0.171417,1.69617]
181,[1.68997,0,1.68242,1.67338,2.09862,2.52526,0.743002,0.884327,2.50882,1.68486,1.24537,1.7954]
182,[1.22798,0,2,1.63973,0.705352,1.82317,1.69319,1.0981,1.75208,1.5855,0.989769,4]
183,[1.7015,0,1.6,1.76094,0.1374,1.7625,1.70417,0.0886611,1.76793,1.76197,2.32869e-08,1.6]
184,[1.44263,0,2.12694,1.43249,0.624296,2.09801,1.43763,1.23435,2.70134,0.8061,9.67135e-08,2.66511]
185,[1.14607,0,3.15138,1.37123,0.610097,2.19856,1.5835,0.340031,1.64873,1.6505,0.752463,3.23684]
186,[1.60265,0,3.78811,1.60265,0.271543,1.62335,1.73369,0.125807,1.84145,1.73369,0.271552,1.62334]
187,[1.28378,0,3.05397,1.28213,0.703902,3.05922,1.64058,0.462176,1.53255,1.63818,0.699037,3.06019]
188,[1.68768,0,2.13289,0.850601,1.05982,2.13431,1.65063,0.648528,1.70282,1.69789,0.418445,1.73128]
189,[1.62327,0,1.60618,1.61334,1.39261,3.19597,1.61451,0.0643343,1.59357,1.6212,1.89937,2.12997]
190,[1.63298,0,1.57725,1.63297,1.35223,2.09254,1.63296,0.000152107,1.57723,1.63296,1.35223,2.09254]
191,[1.60886,0,1.75834,1.69924,0.224078,1.71059,1.69969,0.0216191,1.75498,1.60817,1.30636e-09,2.19931]
192,[1.39687,0,2.88194,1.39687,0.431728,2.1425,1.3917,1.01066,2.14132,1.39159,0.431897,2.14247]
193,[0.744041,0,2.47032,1.69765,0.357388,1.65706,1.69714,0.0339768,1.74644,1.6895,1.26965,2.45506]
194,[1.74411,0,1.62845,1.69937,0.271261,1.57287,1.70556,0.307221,1.56927,1.74165,1.01591e-08,1.81404]
195,[1.2824,0,3.56346,1.2824,0.670566,3.56345,1.28238,2.43534e-05,3.56345,1.28238,0.670562,3.56346]
196,[1.65382,0,1.71525,1.69871,9.64379e-08,1.73376,1.69068,1.18196,2.11686,0.85954,0.04205,2.13718]
197,[1.64305,0,2.07294,1.41124,0.468014,2.58866,1.58296,0.474001,1.72508,1.70029,0.467986,1.72578]
198,[1.35802,0,2.19967,1.35796,0.606562,2.19906,1.35764,0.000476233,2.19962,1.3577,0.606647,2.19905]
199,[1.35465,0,3.11708,1.5933,0.0776638,1.71977,1.69609,0.119419,1.70893,1.66576,0.608892,2.19873]
200,[1.6109,0,1.57549,1.69018,3.60402e-08,1.5778,1.58779,0.200295,3.07465,0.77786,1.76443,3.0582]
201,[1.61658,0,1.73401,1.69492,0.0670168,1.71517,1.63769,0.494125,2.14408,1.34738,3.43104e-08,3.57184]
202,[1.68628,0,1.70678,1.68628,0.281587,1.70675,1.68629,0.000143896,1.70676,1.68629,0.281529,1.70676]
203,[1.60136,0,2.91339,0.768595,1.53336,2.88422,1.50918,1.51816,2.89637,1.63012,1.34826,1.4833]
204,[1.76098,0,2.39888,0.740044,1.20038,2.40192,1.71712,0.0121741,1.59878,1.69785,0.363038,1.5637]
205,[1.31008,0,3.92127,1.38704,0.612171,2.78337,1.69153,0.264268,1.57357,1.63213,0.520038,2.09813]
206,[1.74554,0,1.57914,1.73135,0.408669,2.22733,1.36752,0.0578965,3.68729,1.48475,1.12056,1.81016]
207,[1.77495,0,1.59618,1.70004,2.59542e-06,1.59549,1.77484,0.413052,1.73188,1.70257,0.480917,1.72434]
208,[1.68629,0,1.70677,1.68629,0.281496,1.70676,1.68629,6.45548e-05,1.70676,1.68629,0.281446,1.70676]
209,[1.35884,0,2.20531,1.42477,0.394187,2.2294,1.35686,1.04199,2.78344,1.37736,0.514056,2.74531]
210,[1.50151,0,2.48297,0.741093,1.22416,2.48134,1.49501,1.19406,2.46766,1.34621,0.124643,2.09194]
211,[1.69211,0,1.6,1.74612,1.82668,2.18414,0.78911,0.774183,2.17511,1.74807,1.27113,1.63654]
212,[0.743699,0,2.28571,1.6233,0.172107,1.73955,1.56423,1.08185,2.30608,1.49676,1.11118,2.29628]
213,[1.61474,0,3.54092,1.49792,0.839109,1.76576,1.69377,0.732876,1.75664,1.77743,0.187423,1.58126]
214,[1.30675,0,3.9385,1.33431,0.599803,2.79886,1.55914,0.25069,1.74992,1.67329,0.77344,2.44282]
215,[1.41729,0,3.00526,1.40158,3.84385,4,1.28541,0.550486,2.09529,1.33538,4.37871e-08,3.93505]
216,[0.753043,0,2.46746,1.50798,0.105532,2.08865,1.62468,0.83099,1.64066,1.69503,1.24114,2.45981]
217,[0.728119,0,2.46688,1.49897,6.66173e-09,2.47689,1.58037,1.36872,1.80554,1.69799,1.24174,2.45971]
218,[1.60491,0,1.6,1.69967,1.10488e-08,1.59677,1.77271,0.483897,1.72401,1.57758,1.86258,2.31523]
219,[1.68687,0,1.68062,1.59379,1.36398,3.92122,0.809139,0.115869,3.90954,1.71879,0.0817072,1.68654]
220,[1.45612,0,2.1199,0.828027,0.768065,2.17599,1.46983,0.984884,2.14422,0.727482,1.30077e-09,2.12834]
221,[1.65225,0,1.59132,1.69257,1.3908,1.62324,1.59479,2.2608,4,1.14702,0.921436,2.09446]
222,[1.68629,0,1.70679,1.68628,0.28154,1.70676,1.68629,7.11116e-05,1.70677,1.68629,0.281457,1.70677]
223,[1.49242,0,3.9291,1.61338,0.0185933,1.59813,1.68923,0.143527,1.58564,1.61726,0.418707,3.89532]
224,[1.70769,0,1.6,1.70707,0.125252,1.58744,1.70708,1.5755e-06,1.6,1.70769,0.0836672,1.59163]
225,[1.00295,0,2.15173,1.46084,0.653027,2.15308,1.40791,0.259115,2.15509,1.46017,0.922281,2.15396]
226,[0.743156,0,2.45836,1.68986,0.253983,1.7479,1.69748,0.739608,1.65664,1.69956,1.1921,2.46798]
227,[1.39892,0,2.5398,1.32989,0.341541,3.8903,1.33367,1.95954,2.66499,1.23038,0.146534,2.64224]
228,[1.68629,0,1.70679,1.68629,0.281525,1.70677,1.6863,0.000100236,1.70677,1.6863,0.281482,1.70677]
229,[1.6863,0,1.70677,1.68629,0.281429,1.70677,1.6863,4.42508e-05,1.70677,1.6863,0.281417,1.70677]
230,[1.68631,0,1.70676,1.6863,0.281316,1.70677,1.6863,3.44713e-08,1.70676,1.68631,0.281332,1.70677]
231,[1.34591,0,2.14607,1.49109,7.59142e-08,2.19894,1.36456,0.252999,3.1494,1.35236,0.867391,2.51539]
232,[1.60033,0,1.69287,1.69042,0.129651,1.70317,1.69133,1.68826,1.69354,1.60118,2.0297,3.38702]
233,[1.09652,0,3.87257,1.61383,0.119525,1.69434,1.59907,7.74386e-08,3.63174,1.42279,2.94726,3.81652]
234,[1.69445,0,1.72164,1.62124,1.02179,3.72259,1.37598,2.06491,2.25958,1.58517,0.027452,1.70322]
235,[1.50907,0,2.25313,0.764957,1.0121,2.27803,1.48545,0.467161,2.38782,0.743371,1.55398,2.40767]
236,[1.55887,0,3.59821,0.992913,1.00494,3.66165,1.40868,8.83332e-08,2.09642,1.57154,0.309603,1.75633]
237,[1.46385,0,2.5894,0.752174,1.30682,2.58675,1.65227,2.17936e-08,1.72879,1.63629,0.429006,2.09877]
238,[1.48552,0,2.49278,1.68115,0.490863,1.65215,1.73378,1.06013,2.30514,0.813637,3.38264e-05,2.28571]
239,[1.75581,0,1.6,1.6142,1.34265,2.66293,1.50566,1.41216,2.6351,0.736489,0.108301,2.63054]
240,[1.28487,0,2,1.65377,0.45397,1.70344,1.69965,0.723171,1.6583,1.66214,0.767915,2.06375]
241,[1.72602,0,1.71835,1.69581,2.01633e-07,1.71485,1.73241,1.13686,2.29125,0.760475,0.00114743,2.28555]
242,[1.64363,0,3.76902,1.44198,0.614552,3.64803,1.07648,3.39425,3.53739,1.61503,0.384948,1.68172]
243,[1.38364,0,2.195,1.35142,1.83875,3.483,1.6092,0.504932,1.66715,1.72742,0.558157,2.20598]
244,[1.69459,0,1.72466,1.57522,0.35043,3.10345,1.37635,1.88908e-08,2.17418,1.62574,0.100603,1.72687]
245,[1.60627,0,1.59679,2,0.884903,1.66757,1.68291,0.809008,1.68789,1.60654,1.63428,3.13723]
246,[1.70815,0,1.6,1.70784,0.086369,1.59129,1.70784,4.06769e-08,1.6,1.70815,0.0563047,1.59437]
247,[1.70811,0,1.6,1.70814,3.46966e-06,1.6,1.70445,1.35606,1.6271,1.70688,1.4929,1.6119]
248,[1.70334,0,1.6,1.63605,0.275478,2.24636,1.63605,2.79571e-07,1.6,1.70334,0.0608702,1.59391]
249,[1.75577,0,1.77777,1.66679,0.620229,2.5633,1.03649,1.07207e-07,2.41875,1.59158,0.0860331,1.5914]
250,[1.69125,0,1.56404,1.72073,5.28368e-08,3.02911,1.15471,0.831476,3.0337,1.73317,0.321135,1.55459]
251,[1.69283,0,1.62995,1.62298,2.48125,2.70375,0.74719,1.15795,2.69568,1.74442,4.99027e-08,1.63776]
252,[1.70221,0,1.72575,1.57544,1.50976,2.28011,1.57528,0.0144429,1.72377,1.70215,9.90998e-08,1.7112]
253,[1.49931,0,3.63618,1.64404,0.00937276,1.59906,1.7364,1.19982,3.70004,0.775384,3.66672,3.68531]
254,[1.02543,0,3.65724,1.58376,0.0504667,1.77217,1.76977,1.26306e-08,1.56832,1.75993,2.60158,3.6893]
255,[1.70439,0,1.67847,1.68802,0.168303,1.71072,1.659,0.593394,2.56777,0.733535,1.89575,2.57083]
256,[1.70327,0,1.72314,1.70327,9.26664e-08,1.69789,1.70252,0.0628943,1.71477,1.70252,1.09348e-07,1.69789]
257,[1.31364,0,2.28571,1.31364,0.484687,2.47738,1.31364,9.14796e-05,2.2857,1.31364,0.484695,2.47738]
258,[1.69747,0,1.6,1.60371,0.0962144,2.37889,1.60838,0.067722,1.59323,1.69834,2.28548e-09,1.63114]
259,[1.68629,0,1.70679,1.68628,0.281665,1.70675,1.68629,0.000162546,1.70675,1.68629,0.281652,1.70675]
260,[0.761791,0,3.00574,1.59314,2.343e-08,1.51849,1.78098,2.78166e-08,1.7322,1.713,1.64501,2.93692]
261,[1.34718,0,2.28571,1.65332,0.271866,1.64729,1.58811,1.00297e-07,3.84243,1.06468,1.07177,3.84683]
262,[1.61628,0,1.6,1.60838,1.34694,3.19994,1.35727,0.31085,2.13179,1.43051,0.799982,2.13601]
263,[0.752112,0,2.56673,1.69704,0.338999,1.71514,1.58101,2.66585e-08,2.28571,1.47769,1.40306,2.53404]
264,[1.72194,0,3.90231,1.71949,0.344155,1.56558,1.69712,0.254055,1.57459,1.6968,0.375458,1.56245]
265,[1.57427,0,2.27329,0.776068,1.12158,2.27313,1.57627,0.980335,2.75045,0.754827,2.3471,2.73058]
266,[0.74771,0,2.93541,1.51751,0.138865,2.40457,0.732043,1.34536,2.40419,1.68353,1.44332,2.94556]
267,[1.63549,0,2.99822,1.09262,0.982921,3.00342,1.6434,0.568627,1.71458,1.69052,0.402368,1.71497]
268,[1.78794,0,1.59325,1.69788,7.04757e-06,1.59998,1.63733,0.700217,2.54745,1.58757,0.711918,1.69868]
269,[1.65259,0,1.6,1.70864,1.19322,2.40202,1.35748,1.8841,2.9028,1.32905,1.28922,2.23717]
270,[1.7696,0,1.59839,1.60147,1.37884e-09,4,1.58627,0.235217,1.72533,1.69502,4.91088e-08,1.77778]
271,[1.69091,0,1.6887,1.60179,2.02399,3.37823,1.60166,0.000321452,1.68868,1.69094,0.103919,1.70299]
272,[1.41178,0,2.56947,1.35087,3.05242,3.88032,1.35998,1.02895,2.8855,1.37341,1.05473,2.28423]
273,[1.70159,0,1.59187,1.76857,0.91779,1.6758,1.70054,0.544473,1.71728,1.78381,2.05507e-05,1.5896]
274,[1.27219,0,2.31167,1.27213,0.664509,2.5081,1.36281,0.150002,3.35566,1.36284,0.664572,2.50808]
275,[1.42754,0,3.52316,1.13915,0.96208,3.52465,1.36659,7.46173e-08,2.0999,1.4034,0.45427,3.50043]
276,[1.61594,0,1.6,1.70155,6.23676e-06,1.59999,1.70155,0.000111974,1.59999,1.61595,1.87119,2.6654]
277,[1.64874,0,1.63371,1.75567,0.55028,2.73117,0.75067,2.04969,2.68527,1.49733,1.71123e-08,2.5413]
278,[1.62679,0,1.45455,1.80399,0.0770331,1.75921,1.6747,0.24889,2.81793,0.754653,1.58225,2.85599]
279,[1.61536,0,2.28571,1.34143,0.449304,3.02031,1.66056,0.13322,1.57337,1.75668,0.572047,1.857]
280,[1.24574,0,2.66667,1.44299,1.32432e-05,2.28571,0.799691,1.0992,2.30027,1.55536,1.35099,3.3245]
281,[1.73694,0,1.6,1.68738,8.34307e-08,1.59463,1.73982,1.16196,3.19107,1.10667,2.03243,3.19866]
282,[1.6957,0,1.6,1.75867,1.12492,2.12501,0.803874,0.0320895,2.13157,1.76185,0.110779,1.58892]
283,[1.50399,0,1.77778,1.62899,0.883083,2.14169,1.62966,0.0150176,1.71345,1.59684,0.875452,3.59168]
284,[1.6294,0,3.83552,1.64232,5.56385e-08,1.6,1.63645,0.178026,2.26028,1.58131,0.421636,1.70259]
285,[1.6902,0,1.57236,1.61163,1.76029,3.05229,0.77704,0.202785,3.06671,1.59017,8.69363e-08,1.574]
286,[1.69875,0,1.75954,1.6273,6.53635e-08,2.55735,1.64841,0.411377,1.70672,1.69959,0.272513,1.71217]
287,[1.68628,0,1.70679,1.68627,0.28162,1.70675,1.68629,0.00022312,1.70676,1.68629,0.281587,1.70676]
288,[1.53457,0,2.544,0.761134,1.4154,2.50635,1.53036,9.77315e-08,2.28571,0.795487,1.00656,2.31881]
289,[1.76745,0,1.6,1.65019,0.332177,2.55596,1.50309,0.413403,2.52892,0.72705,1.71099,2.51567]
290,[1.43098,0,3.76411,1.62115,0.376734,1.7762,1.69015,0.413041,1.77315,1.58904,6.70027e-08,3.54703]
291,[1.73944,0,3.49743,1.41,1.74897,2.9069,0.764196,0.167509,2.96359,1.60561,6.09986e-08,1.5157]
292,[1.76168,0,1.57342,1.65693,1.13272,2.1239,1.63369,0.673334,1.70234,1.69617,0.254588,1.74949]
293,[1.68628,0,1.70678,1.68628,0.281687,1.70675,1.68628,0.000182958,1.70676,1.68628,0.281705,1.70675]
294,[1.70188,0,1.72273,1.7006,1.64121,1.70246,1.69909,0.0755768,1.71268,1.70071,3.18912e-07,1.69454]
295,[1.67813,0,2.27349,0.771365,1.09507,2.28358,1.76393,0.281191,1.57188,1.75863,0.583909,1.84311]
296,[1.69207,0,1.72442,1.69207,0.320501,1.66762,1.6084,1.90782e-08,3.49614,1.60834,0.320406,1.66767]
297,[1.57552,0,1.78467,1.69762,0.0736762,1.80047,1.5946,0.529376,2.0973,1.39411,0.0611727,2.43699]
298,[0.739513,0,2.63389,1.72063,1.91306e-08,1.69688,1.69124,0.123581,1.652,1.72932,1.30744,2.64181]
299,[1.68629,0,1.70677,1.68629,0.281502,1.70675,1.68629,8.56111e-05,1.70676,1.6863,0.281472,1.70676]
300,[1.77414,0,1.59668,1.70023,1.76842e-06,1.5965,1.77323,0.368105,1.73688,1.7029,0.385391,1.73496]
301,[1.74477,0,1.81303,1.70217,0.0990481,1.80368,1.60998,0.278107,2.15607,1.60744,2.51327e-08,1.62123]
302,[1.61462,0,1.6,1.77014,8.94653e-10,1.76893,1.6966,0.0046857,1.7695,1.56336,0.815553,3.72884]
303,[1.28338,0,3.00881,1.41816,4.44571e-08,2.09778,1.64569,0.185952,1.75641,1.61092,0.586604,3.08268]
304,[1.7557,0,1.6,1.6142,1.34277,2.6629,1.50566,1.41282,2.6349,0.736464,0.10896,2.63037]
305,[1.69113,0,1.69532,1.69113,0.170983,1.69507,1.60043,1.52462,3.39015,1.6004,0.170956,1.69508]
306,[1.70408,0,1.6,1.70462,1.57748,1.6025,1.6146,0.791134,2.13463,1.61609,2.2027e-07,1.6]
307,[0.792865,0,2.2414,1.60829,1.23998,2.46,0.762098,0.159606,2.43439,1.50456,0.984058,2.27055]
308,[1.63038,0,2.2007,1.38549,0.635377,2.19495,1.36906,3.51113e-08,2.56602,1.64643,0.416945,1.7108]
309,[0.740133,0,2.39978,1.702,0.104105,1.76621,1.76077,1.18346e-08,1.6,1.71623,1.19594,2.40305]
310,[1.33872,0,2.28571,1.57814,0.335685,1.7147,1.57811,0.000103852,2.2857,1.33867,0.670521,2.28605]
311,[1.62314,0,2.168,1.32265,1.62435,3.52232,1.5994,0.265556,1.68017,1.68992,0.00901411,1.73269]
312,[1.50019,0,2.25916,1.6536,0.536304,1.71819,1.72654,0.722631,2.35459,0.737796,1.94784,2.34203]
313,[1.74979,0,1.59134,1.74979,0.0890225,1.76789,1.70694,0.116661,1.75954,1.70694,0.0890082,1.76788]
314,[1.73689,0,1.63376,1.69025,1.99203e-08,1.61957,1.73177,1.86829,2.77617,0.738479,0.464597,2.77852]
315,[0.742879,0,2.66667,1.50679,0.0337355,2.65542,1.61613,0.827335,1.59392,1.76273,1.29701,2.68119]
316,[1.70812,0,1.6,1.70779,0.0890131,1.59107,1.70779,1.84545e-08,1.6,1.70812,0.0587226,1.59413]
317,[1.68161,0,1.77778,1.7132,0.595958,1.68069,1.72064,1.18251,2.46958,0.746811,2.05389e-09,2.45773]
318,[1.69837,0,1.69308,1.61434,1.90917,3.24254,1.61435,0.000146547,1.69304,1.69837,0.0054111,1.68311]
319,[1.65536,0,2.54663,1.35522,8.73273e-08,2.28571,1.58202,0.343487,1.7034,1.69699,0.413163,1.69918]
320,[1.31071,0,3.05838,1.31068,0.688834,3.06223,1.59755,1.04994,1.69382,1.59754,0.688767,3.06225]
321,[1.42769,0,2.62351,1.25855,1.32095,3.2744,1.35697,1.60582,2.31021,1.43455,0.191753,2.19493]
322,[1.61903,0,1.6,1.61321,0.772062,2.67324,1.36985,0.212166,2.1398,1.40581,0.795693,2.13944]
323,[0.723316,0,2.46503,1.45877,0.00980951,2.4619,0.722835,1.25162,2.45806,1.45904,1.23504,2.46404]
324,[1.6863,0,1.70676,1.6863,0.281314,1.70677,1.6863,2.15776e-08,1.70676,1.6863,0.281325,1.70677]
325,[1.69649,0,1.59748,1.76351,0.954866,1.67168,1.6099,1.86501,3.53375,1.62753,1.79467e-08,1.59667]
326,[1.33037,0,2.11643,1.50416,0.348844,2.48255,0.775172,1.69118,2.45804,1.47562,0.237018,2.25185]
327,[0.756853,0,2.97395,1.60364,1.26508e-08,1.50283,1.5951,7.05642e-08,3.73153,1.36807,1.64657,2.89571]
328,[1.48205,0,2.52967,0.728569,1.26039,2.53233,1.47405,1.70768,3.57308,1.23326,0.780361,3.60772]
329,[0.722281,0,2.13337,1.44827,3.06823e-07,2.1347,0.722385,1.05931,2.13436,1.44932,1.02602,2.13914]
330,[1.68629,0,1.70678,1.68628,0.281563,1.70676,1.6863,0.000121785,1.70676,1.68629,0.281534,1.70676]
331,[1.38134,0,3.19641,1.37597,2.75147,3.1361,1.22778,0.622808,3.07544,1.39229,0.547402,2.12638]
332,[1.46138,0,2.56125,0.794946,1.21855,2.57459,1.4586,1.10417,2.09003,1.50783,1.0732,2.1324]
333,[1.68631,0,1.70677,1.68631,0.281311,1.70678,1.68631,6.54463e-08,1.70677,1.68631,0.281338,1.70677]
334,[1.57397,0,1.70812,1.67118,0.398891,2.56441,0.732303,1.68116,2.56591,1.50488,1.70084,2.56107]
335,[1.70831,0,2.46929,0.744648,1.18158,2.48886,1.68611,0.766132,1.65894,1.69079,0.339332,1.74007]
336,[0.806894,0,2.63475,1.44487,7.39464e-08,2.09888,1.43954,0.375473,2.10544,1.43549,1.36454,2.63382]
337,[1.63673,0,2.96634,1.44178,0.709878,2.85313,1.35597,0.12106,3.96973,1.56506,0.418999,1.69811]
338,[1.44077,0,2.09449,1.09398,1.42813,4,1.45092,2.42755,3.64119,1.31883,1.52699,2.16663]
339,[1.61524,0,3.54608,1.17234,0.918625,3.53247,1.41336,0.475106,3.51287,1.61528,0.24021,1.57598]
340,[1.38184,0,2.19095,1.65854,0.182702,1.58173,1.65854,2.16384e-08,2.19096,1.38181,0.616596,2.19112]
341,[1.72052,0,2.63454,0.739527,1.3077,2.64245,1.72914,0.123507,1.65241,1.69123,5.20338e-08,1.6973]
342,[1.70574,0,1.6,1.70425,0.214277,1.57853,1.70424,1.80783e-07,1.6,1.70575,0.156324,1.58437]
343,[1.50549,0,3.02348,1.38972,5.21698e-09,2.21688,1.49381,1.38561,2.43573,0.752834,0.145475,2.44519]
344,[1.34936,0,2.45666,1.38368,0.536163,2.10934,1.58866,0.361495,1.81094,1.58173,0.742728,3.64118]
345,[1.69885,0,2.46909,0.743427,1.25292,2.45785,1.68953,0.0178701,1.74794,1.69726,0.352727,1.657]
346,[1.70328,0,1.72311,1.70328,9.15557e-08,1.69788,1.70254,0.0626859,1.71479,1.70253,2.18451e-07,1.69788]
347,[1.69539,0,1.77645,1.71222,0.532898,2.37936,0.747585,1.72172,2.37971,1.70313,0.0169105,1.76904]
348,[1.46987,0,2.12591,0.737885,0.990166,2.14022,1.46366,0.761129,2.17698,0.725483,1.88056,2.17456]
349,[1.70477,0,1.6,1.70303,0.242895,1.57571,1.70303,8.53346e-08,1.6,1.70477,0.183562,1.58164]
350,[1.30062,0,3.83799,1.30047,0.67297,2.55451,1.29219,1.19368e-09,2.55328,1.29207,0.673771,2.55437]
351,[1.75733,0,1.77318,1.70519,0.151475,1.74571,1.7041,1.6721,1.79099,1.75078,0.333989,1.56657]
352,[1.68627,0,1.70679,1.68626,0.281792,1.70673,1.68627,0.000304963,1.70675,1.68628,0.281763,1.70675]
353,[1.71308,0,1.77778,1.68156,7.94028e-08,2.45771,0.746835,1.1822,2.46963,1.72064,0.595435,1.68075]
354,[0.738146,0,2.36237,1.501,0.336926,2.23758,1.58366,1.4055e-08,1.69204,1.72128,1.16881,2.37094]
355,[1.50889,0,2.26365,0.785042,1.10749,2.26737,1.637,0.918126,1.67576,1.62041,2.94423,3.26394]
356,[1.61696,0,2.22546,0.846129,1.01979,2.23826,1.45585,0.536604,2.20906,1.59355,0.895812,1.78294]
357,[1.69825,0,1.6,1.60866,1.38517,3.18988,1.6224,0.061835,1.59379,1.69777,3.07517e-09,1.6]
358,[1.2824,0,2.43071,1.2824,0.670563,2.43071,1.28238,2.02812e-05,2.43071,1.28239,0.670563,2.43071]
359,[1.70148,0,1.6,1.76117,0.140562,1.76216,1.70419,0.0995237,1.76672,1.76157,9.42549e-08,1.6]
360,[1.75891,0,1.56394,1.75891,0.247338,1.73462,1.59371,0.096334,2.27195,1.59371,0.247201,1.73464]
361,[1.25219,0,2.28571,1.25215,0.623186,2.45894,1.43413,3.37879e-07,2.66667,1.43413,0.623263,2.45892]
362,[1.64281,0,1.67964,1.72628,1.18637,2.66626,0.759835,2.51151,2.65553,1.46197,0.394128,2.11063]
363,[1.76276,0,1.6,1.70156,4.12771e-06,1.6,1.76247,0.0716193,1.76982,1.70436,0.0580107,1.77133]
364,[1.61257,0,2.19583,1.39115,0.63064,2.19562,1.61263,0.216998,1.745,1.6974,0.0784754,1.7451]
365,[1.09784,0,2.10719,1.63857,0.303035,1.74411,1.76197,0.126129,1.58739,1.70431,0.660613,2.19134]
366,[1.57299,0,1.77778,1.75887,4.60187e-08,1.59447,1.71984,1.1452,1.65053,1.58684,0.871959,2.75066]
367,[1.68154,0,1.70034,1.70546,0.343586,2.55194,0.732057,1.61644,2.54826,1.67456,0.277011,1.70711]
368,[0.740687,0,2.75071,1.7235,4.40097e-08,1.57166,1.60715,3.05241,3.13326,1.4949,1.36689,2.7499]
369,[1.48318,0,2.34996,0.762881,1.22803,2.33664,1.51602,2.32408e-08,2.11498,1.03017,0.702841,2.18531]
370,[0.813224,0,2.98248,1.62517,0.0145497,1.50966,1.62469,0.214689,2.99809,1.27091,1.47167,2.95158]
371,[1.70659,0,1.76897,1.70659,7.60669e-06,1.77777,1.75651,0.0635088,1.58657,1.75651,1.38125e-05,1.77777]
372,[1.70059,0,1.72634,1.61458,0.852593,3.02043,1.61632,1.71993,1.72723,1.70121,0.0480512,1.71856]
373,[1.64817,0,1.55833,1.75833,0.168408,1.87294,1.56613,1.56439,2.37642,1.32234,0.269771,3.00558]
374,[1.70764,0,2.71976,0.763873,1.35584,2.71839,1.42278,0.184482,2.09569,1.63441,0.491548,1.69397]
375,[1.68622,0,1.70682,1.68621,0.282128,1.7067,1.68625,0.000711389,1.70671,1.68626,0.282081,1.70674]
376,[1.65347,0,1.70134,1.63347,0.393838,3.40394,1.43015,3.28076,3.45695,1.23198,2.09728,2.55899]
377,[1.29948,0,3.68613,1.45051,1.0769,2.29595,0.820175,9.53068e-08,2.27799,1.45405,0.449632,2.59173]
378,[1.57815,0,2.28571,1.33873,0.670534,2.28605,1.33867,0.000118951,2.2857,1.57811,0.335692,1.7147]
379,[1.69235,0,1.626,1.74024,0.0787759,1.81689,1.52373,2.22066,4,1.71117,0.143131,1.61188]
380,[1.5971,0,1.7769,1.59847,0.440912,2.22273,1.59946,0.165882,1.68263,1.60122,8.62747e-08,2.22362]
381,[1.37624,0,2.19649,1.38741,0.62308,2.18858,1.34564,0.0829571,2.54613,1.31652,0.898946,3.02021]
382,[1.61463,0,1.6,1.69877,0.0457626,1.59542,1.69877,9.97152e-08,1.6,1.61463,0.264119,3.73397]
383,[1.33564,0,3.69071,1.3369,0.725515,2.54575,1.37145,3.41589e-08,2.58916,1.42783,0.56512,2.17802]
384,[0.7356,0,2.28571,1.49853,0.0870079,2.26088,1.6129,0.581201,1.64861,1.74179,1.08547,2.30483]
385,[1.36816,0,2.15151,1.37101,0.580289,3.47987,1.36044,8.22852e-08,2.5319,1.26628,0.82102,2.52983]
386,[1.68631,0,1.70676,1.68632,0.281247,1.70677,1.68631,3.77912e-08,1.70676,1.68631,0.281303,1.70677]
387,[1.22823,0,3.45125,1.38683,3.47363e-09,2.19675,1.41921,0.305486,2.2363,1.36892,2.53585,3.51073]
388,[1.36936,0,2.18796,1.39944,0.257974,2.24886,1.39944,5.67987e-08,2.18795,1.36937,0.604778,2.1878]
389,[1.7137,0,1.6,1.60803,1.77257,3.11372,1.44668,1.21428,3.39287,1.1305,2.00286,3.9981]
390,[1.74988,0,1.59143,1.74988,0.0902334,1.76775,1.70693,0.117247,1.75955,1.70693,0.090226,1.76775]
391,[1.7504,0,1.6,1.64017,3.50663,3.72752,1.06671,2.60324,3.67288,1.57013,1.21334,1.81087]
392,[1.69335,0,1.6,1.63486,0.300413,3.52897,1.50926,1.27174,1.73231,1.69247,3.09711e-08,1.63981]
393,[1.69766,0,1.70582,1.61381,7.11365e-08,3.32913,1.60247,0.245714,1.67426,1.69341,3.32726e-08,1.69437]
394,[1.68671,0,1.77778,1.69151,0.203245,1.7051,1.72543,0.233609,2.25234,0.771819,1.35919,2.25199]
395,[1.71841,0,2.76457,0.750239,1.4356,2.76074,1.50669,1.5092,2.77134,1.70119,2.11892e-08,1.577]
396,[1.72064,0,2.46328,0.735466,1.26515,2.45581,1.69772,0.035387,1.63793,1.67961,0.325722,1.64746]
397,[1.46465,0,3.69267,1.32247,1.24566,2.45906,1.68995,1.09095e-08,1.64347,1.66368,0.404501,3.70225]
398,[1.59583,0,3.8533,1.59643,0.456245,1.81259,1.74512,0.2799,1.65038,1.69516,0.290205,1.64809]
399,[1.59564,0,3.96305,1.59564,3.86206e-08,1.6,1.61746,0.268157,3.09249,1.61742,9.88728e-08,1.6]
400,[1.49775,0,2.28571,1.6901,0.290908,1.57091,1.78701,1.1257,2.28798,0.729264,6.32702e-08,2.28571]
401,[1.68629,0,1.70673,1.68628,1.42521,1.70674,1.68628,4.14015e-05,1.70673,1.68628,1.4253,1.70673]
402,[1.70232,0,2.38208,0.747601,1.194,2.38101,1.71278,0.0218098,1.77535,1.69544,0.0629565,1.77047]
403,[1.36893,0,2.18849,1.39687,0.270417,2.24708,1.39687,8.59918e-08,2.18849,1.36893,0.604844,2.18836]
404,[1.49715,0,2.45815,0.737034,1.1953,2.46745,1.6934,0.783468,1.64672,1.6131,0.469925,3.4514]
405,[1.69841,0,1.75506,1.60595,0.408087,3.07486,1.62628,0.129443,1.58706,1.77019,4.814e-08,1.76368]
406,[1.61209,0,1.77778,1.71772,1.16056,2.28025,0.733479,0.00241551,2.28537,1.49584,0.00130609,2.28553]
407,[1.36565,0,2.96563,1.40449,0.708157,2.87251,1.185,1.74891e-09,2.79737,1.39389,0.615645,2.19139]
408,[1.6218,0,1.7313,1.70402,0.0341507,1.72221,1.70402,0.000839803,1.73117,1.62192,0.878552,2.1602]
409,[1.73057,0,1.65866,1.70477,0.0268528,1.65303,1.70477,5.75847e-05,1.65865,1.73057,0.165012,1.84668]
410,[1.38918,0,2.98881,1.626,7.36132e-08,1.70495,1.57659,1.79217,2.53536,1.3424,0.55891,2.11372]
411,[1.69256,0,1.6,1.69257,0.296644,1.57033,1.62162,0.0533301,3.1416,1.62163,0.296677,1.57033]
412,[1.70058,0,1.72576,1.6387,2.15204,2.59092,1.6387,0.000118444,1.72575,1.70059,0.0141774,1.7132]
413,[1.38395,0,4,1.31586,0.252372,2.16892,1.40154,1.5761,2.40394,1.36414,1.09991,3.55106]
414,[1.68686,0,1.68037,1.57472,2.5275,3.90677,1.0413,1.43,3.91663,1.57082,0.0320774,1.67639]
415,[2,0,1.45455,1.8085,1.89129,3.11467,0.763906,0.414101,3.08092,1.57182,0.375088,1.54634]
416,[1.68631,0,1.70676,1.68631,0.281319,1.70677,1.68631,3.17117e-08,1.70676,1.68631,0.281313,1.70677]
417,[1.70193,0,1.6,1.75313,0.260546,1.79707,1.70485,0.260608,1.79707,1.75313,5.19622e-05,1.59999]
418,[1.45366,0,2.28571,0.712552,1.12256,2.29258,1.45339,1.12299,2.29254,0.712549,0.00101504,2.28557]
419,[1.63499,0,3.6615,1.60252,0.341291,1.73986,1.77396,0.182856,1.58171,1.69496,0.177821,1.58222]
420,[1.57632,0,2.24492,1.58341,0.236929,1.69358,1.58343,5.0738e-05,2.24491,1.57633,0.811995,1.68756]
421,[1.70642,0,1.6,1.60272,1.84408,3.2007,1.60271,2.09667e-05,1.6,1.70642,3.60233,4]
422,[1.39491,0,2.13882,1.39491,0.576901,2.13848,1.4203,3.09846e-08,2.66667,1.4203,0.576901,2.13848]
423,[1.58855,0,1.74433,1.69504,3.54962e-08,1.75491,1.77539,0.19387,1.58061,1.69974,2.13004,3.9789]
424,[1.76276,0,1.6,1.70169,0.000615784,1.59993,1.76274,0.00579036,1.7771,1.70451,0.00499082,1.77711]
425,[1.68629,0,1.70678,1.68628,0.281528,1.70675,1.68629,0.000126043,1.70676,1.68629,0.281536,1.70676]
426,[1.59526,0,3.83351,1.4853,2.50053e-08,3.74696,0.99976,1.13324,3.71669,1.66218,0.758365,1.65189]
427,[1.70237,0,1.72285,1.5772,1.50916,2.2759,1.57606,0.0167031,1.72049,1.70228,3.51603e-08,1.70902]
428,[1.69479,0,1.74904,1.62043,7.40812e-08,2.18402,1.37651,0.439272,3.09727,1.57703,0.100595,1.71986]
429,[1.2824,0,2.44404,1.2824,0.670561,2.44403,1.28239,1.58997e-05,2.44403,1.28239,0.670559,2.44404]
430,[1.61921,0,3.57034,1.16249,2.79676,3.513,1.70965,6.66231e-08,1.70718,1.68836,4.67084e-08,1.73286]
431,[1.60254,0,3.42393,1.05758,0.96308,3.41936,1.60308,0.609226,1.70946,1.68671,0.355838,1.71218]
432,[0.743697,0,2.28571,1.62332,0.1718,1.7396,1.5642,1.08157,2.30615,1.49676,1.11109,2.29631]
433,[1.34944,0,2.28571,1.74274,0.357435,1.52851,1.58143,0.329953,3.8351,1.28774,1.10165,2.75936]
434,[1.68624,0,1.7068,1.68625,0.282095,1.70673,1.68626,0.000394107,1.70675,1.68627,0.282088,1.70673]
435,[1.57766,0,2.28571,1.49964,0.975425,2.23232,0.890363,8.4082e-08,2.21422,1.69312,0.321879,1.70479]
436,[1.69574,0,1.6,1.69472,0.248274,1.57517,1.62137,3.11726e-08,3.15142,1.61157,0.208807,1.57912]
437,[1.59436,0,1.64446,1.70932,0.357457,1.56425,1.70067,0.18374,1.58163,1.66012,0.250295,2.19907]
438,[1.61402,0,3.00201,1.21993,0.937347,2.96252,1.3847,0.495193,2.9208,1.5878,0.378029,1.719]
439,[0.769647,0,2.8918,1.50598,2.85979,2.9053,1.62789,1.24512,1.48951,1.60192,1.38351,2.92303]
440,[0.742862,0,2.45903,1.69023,0.258398,1.74784,1.69778,0.746948,1.65614,1.70051,1.20124,2.46646]
441,[1.70813,0,1.6,1.70264,1.33148,1.62984,1.70174,0.0280507,1.59719,1.70782,2.87666e-06,1.6]
442,[1.71384,0,1.73258,1.78323,0.167933,1.52572,1.62491,1.89051,2.95302,0.754754,0.478941,2.92705]
443,[0.753039,0,2.13549,1.49475,0.00710467,2.13512,1.63089,0.431736,1.70826,1.74865,1.06432,2.13367]
444,[1.70507,0,1.6,1.75672,0.160086,1.75998,1.75672,6.59921e-05,1.59999,1.70507,5.43808e-05,1.59999]
445,[1.50159,0,2.28571,1.59623,0.000546258,1.75542,1.7212,1.17057,2.34243,0.736849,9.45591e-08,2.33524]
446,[1.6863,0,1.70676,1.68631,0.281325,1.70677,1.6863,3.07357e-08,1.70676,1.68631,0.281327,1.70677]
447,[1.42069,0,2.1846,1.37906,0.608231,2.18264,1.41364,1.25048,3.50556,1.08316,2.45061,3.433]
448,[1.68628,0,1.70679,1.68628,0.281623,1.70676,1.68629,0.000183334,1.70676,1.68629,0.28163,1.70676]
449,[1.62484,0,3.72603,1.17414,0.719361,3.82016,1.61424,0.493889,1.55061,1.68784,0.248159,1.60329]
450,[1.68629,0,1.70677,1.68628,0.281601,1.70675,1.68629,9.7363e-05,1.70676,1.68629,0.28149,1.70676]
451,[1.61989,0,1.73022,1.63589,0.43116,2.59481,1.63589,1.07632e-08,1.73022,1.61989,0.410514,2.17055]
452,[1.2824,0,2.44589,1.2824,0.670562,2.44589,1.28238,1.90563e-05,2.44589,1.28239,0.670561,2.44589]
453,[1.68765,0,1.67275,1.55283,0.228245,3.34557,0.64535,1.5272,3.34566,1.55284,0.0826964,1.67284]
454,[0.762437,0,2.28571,1.74657,1.98083e-08,1.58258,1.76478,0.928327,1.67463,1.72415,1.11261,2.29317]
455,[1.70328,0,1.72311,1.70328,3.25841e-07,1.69788,1.70254,0.0626439,1.7148,1.70253,7.05848e-07,1.69788]
456,[1.6863,0,1.70676,1.68631,0.281337,1.70676,1.68631,7.96678e-08,1.70676,1.68631,0.281322,1.70677]
457,[1.6998,0,1.77778,1.74704,0.154376,1.58456,1.63605,2.0561,2.73067,1.63796,0.00524218,1.7772]
458,[1.68629,0,1.70677,1.68629,0.281478,1.70676,1.68629,4.4668e-05,1.70676,1.6863,0.281451,1.70676]
459,[1.68628,0,1.70678,1.68628,0.2815,1.70676,1.68629,0.00011961,1.70676,1.68629,0.281536,1.70676]
460,[1.68632,0,1.70676,1.68631,0.281303,1.70677,1.68631,3.53181e-08,1.70676,1.68632,0.281317,1.70677]
461,[1.68628,0,1.70679,1.68628,0.28149,1.70677,1.6863,6.79136e-05,1.70677,1.68629,0.281476,1.70677]
462,[0.730625,0,2.53296,1.46059,5.53793e-08,2.53297,0.730616,1.26671,2.53288,1.4606,1.26679,2.53282]
463,[1.6902,0,1.57303,1.61154,1.76142,3.05346,0.777146,0.203355,3.06801,1.59003,2.46501e-08,1.57476]
464,[1.70559,0,1.6,1.74403,1.44023,1.81717,1.74412,0.0276767,1.59712,1.70555,4.95374e-08,1.6]
465,[1.6848,0,2.44977,0.730339,1.20445,2.45682,1.4999,1.18327,2.46221,1.56061,0.117056,1.76477]
466,[1.657,0,1.59459,1.6946,1.2844,1.63507,1.70026,0.847649,1.68359,1.62461,1.23121,3.35729]
467,[1.59073,0,1.51438,1.62413,1.651,2.96035,1.51116,1.72561,2.92294,0.77401,0.148506,2.96919]
468,[1.71095,0,2.60088,0.738826,1.30044,2.60143,1.50325,1.29528,2.60168,1.62521,2.78704e-08,1.68218]
469,[1.42841,0,2.43847,1.58811,0.19157,1.58084,1.69838,0.244393,1.57555,1.66519,0.576538,2.19125]
470,[1.69141,0,1.6,1.73437,0.426735,2.75246,0.736159,1.81091,2.75247,1.73437,1.94754e-08,1.6]
471,[1.68633,0,1.70677,1.68632,0.281165,1.70679,1.68631,1.8473e-06,1.70676,1.68632,0.281309,1.70678]
472,[1.70113,0,1.6,1.71191,1.17154,1.64761,1.67942,0.783406,2.46827,1.68208,1.21037,1.64329]
473,[1.40756,0,2.66667,1.28004,1.30062,3.43584,1.5337,0.352224,1.73598,1.62325,0.378728,2.16716]
474,[1.68626,0,1.68958,1.69492,1.93726,2.58597,0.730434,0.624692,2.586,1.69481,0.285211,1.68991]
475,[1.70776,0,1.6,1.70787,0.034474,1.59655,1.70304,1.38473,1.65315,1.70281,0.0451502,1.59546]
476,[1.35778,0,2.19968,1.3578,0.606383,2.19909,1.35778,2.20141e-05,2.19968,1.35776,0.606351,2.19909]
477,[1.62209,0,1.75963,1.62326,0.257577,2.24892,1.0735,1.33767,2.26278,1.0696,0.237907,2.25173]
478,[1.32549,0,2.28571,1.37507,0.699138,3.42463,1.29711,9.09593e-09,3.42096,1.36463,0.658173,2.28553]
479,[1.77068,0,1.77778,1.54654,0.67832,2.86128,1.66727,0.66003,1.6338,2,0.0873583,1.58223]
480,[1.69952,0,1.6,1.69849,0.33278,1.56672,1.69849,4.38962e-09,1.6,1.69952,0.299092,1.57009]
481,[1.49201,0,2.3265,0.744718,1.20983,2.31846,1.50639,9.15408e-08,2.10455,1.3388,0.205142,2.25641]
482,[1.68629,0,1.70678,1.68628,0.281582,1.70674,1.68629,0.000151731,1.70675,1.68629,0.281543,1.70676]
483,[1.69824,0,2.28571,1.49479,8.99129e-10,2.28571,0.731588,1.11118,2.2918,1.73475,0.527653,1.71915]
484,[1.28229,0,2.40688,1.28227,0.67043,2.4069,1.28246,2.4067,2.40691,1.28243,0.670414,2.4069]
485,[0.72793,0,2.40874,1.70762,0.337455,1.74028,1.59139,1.14314,2.42611,1.49935,1.17618,2.41788]
486,[2,0,1.52657,2,0.470889,1.55291,1.63993,0.154502,3.1691,1.60685,0.393455,1.58399]
487,[1.68631,0,1.70676,1.68631,0.281311,1.70677,1.68631,2.65124e-08,1.70676,1.68631,0.281317,1.70676]
488,[1.42855,0,3.72774,1.11313,0.905696,3.77357,1.66039,0.498324,1.67866,1.57537,0.756837,2.80841]
489,[1.01223,0,3.85632,1.62344,0.104743,1.69098,1.68904,6.70031e-08,1.71728,1.66163,2.8994,3.75261]
490,[1.70144,0,1.6,1.69954,0.311087,1.56889,1.69954,4.4831e-09,1.6,1.70144,0.260244,1.57398]
491,[1.68632,0,1.70675,1.68632,0.281318,1.70677,1.68632,6.89421e-08,1.70676,1.68632,0.281199,1.70678]
492,[1.68128,0,1.70836,1.67412,1.29282,2.54744,0.731967,3.86578e-09,2.55016,1.70589,0.350469,1.69946]
493,[1.55978,0,2,1.64696,0.727006,1.65529,1.71244,1.1843,2.45705,0.754558,3.94447e-08,2.44259]
494,[1.63908,0,2.59545,1.36558,2.52744,3.24766,0.743648,0.296304,3.49334,1.71034,0.251575,1.5589]
495,[1.62997,0,1.6,1.62997,8.17732e-08,2.24612,1.58277,0.247172,1.69284,1.58278,9.11502e-08,2.24612]
496,[1.58012,0,3.99841,0.94097,2.90521,3.95811,1.48743,3.28402,3.81205,1.63734,2.52709e-09,1.6]
497,[1.69853,0,1.72326,1.71873,1.86968,2.18392,0.833501,0.850301,2.16424,1.64261,6.01279e-09,1.7296]
498,[1.29922,0,3.83038,1.29741,0.690052,3.82749,1.29742,6.6822e-05,3.83036,1.29921,0.643019,2.55687]
499,[1.36587,0,3.90025,1.36706,0.615165,2.19783,1.37494,5.11543e-08,2.51057,1.37441,0.613086,2.19813]
500,[1.70058,0,1.6,1.616,0.264564,2.13211,1.62022,0.0493692,1.77229,1.76532,0.0597607,1.59402]
501,[1.69781,0,1.6,1.71448,1.38156,2.36688,1.56419,9.1761e-08,1.77286,1.76075,2.55394e-08,1.6]
502,[1.45369,0,2.28571,0.712588,1.1192,2.29336,1.4534,1.11977,2.29315,0.71258,6.74747e-07,2.28571]
503,[1.41771,0,3.97868,1.25668,0.478268,2.13784,1.43883,2.00754,2.33208,1.32744,0.844114,3.53024]
504,[1.30811,0,2.52075,1.3086,1.83378,2.51683,1.54665,1.0105,1.70729,1.54669,1.83333,2.51669]
505,[1.69532,0,1.59969,1.74246,0.309012,2.24157,0.770736,1.4264,2.24266,1.74788,0.0367692,1.59632]
506,[1.6197,0,3.14419,1.445,1.51485,2.6305,0.740825,0.196941,2.62562,1.75886,0.0833395,1.59167]
507,[0.760576,0,2.28571,1.73901,5.82124e-09,1.59378,1.73559,1.09431,1.65619,1.73494,1.10855,2.29299]
508,[1.69651,0,1.71354,1.69653,0.135925,1.68058,1.61292,1.47404,3.53343,1.61307,0.136508,1.68049]
509,[1.30382,0,2.90277,1.48308,1.41414,2.54428,0.735149,0.114788,2.55065,1.47994,7.97064e-08,2.57664]
510,[1.3371,0,2.20968,1.60441,0.530165,1.83784,1.60443,4.48561e-08,2.20969,1.3371,0.594978,2.76229]
511,[0.923824,0,2.12408,1.53238,2.0602,2.62091,0.752869,0.721812,2.63213,1.56408,0.865919,2.16201]
512,[0.962136,0,2.4422,1.48889,0.951655,2.26553,0.842002,4.38652e-08,2.23249,1.53152,0.723028,2.54616]
513,[1.69761,0,1.71052,1.65006,4.80906e-08,2.13888,0.85174,1.08038,2.13137,1.68169,1.13379e-06,1.73569]
514,[0.758988,0,2.1351,1.49465,0.0292182,2.12918,1.61868,3.00092e-08,1.75218,1.6963,1.06227,2.13396]
515,[1.69071,0,1.70348,1.60097,2.05331,3.40742,1.59871,0.0049483,1.70306,1.69085,0.138725,1.71104]
516,[1.60429,0,2.28571,0.781323,1.09013,2.3033,1.73761,0.59761,1.64499,1.69446,0.32061,1.70654]
517,[1.4981,0,2.28571,0.730797,1.14451,2.28516,1.75486,2.53691e-05,1.6,1.66901,2.33881e-08,2.28571]
518,[1.67583,0,2.28571,0.781243,1.11542,2.29654,1.52387,1.45714,2.81007,1.53353,0.556685,1.85404]
519,[1.68294,0,3.56189,1.64857,0.738778,1.52612,1.69495,0.493425,1.55066,1.69672,0.318459,1.59587]
520,[1.68631,0,1.70676,1.68631,0.28127,1.70677,1.68631,3.55696e-08,1.70676,1.68631,0.281328,1.70676]
521,[1.704,0,1.72625,1.704,2.18688e-09,1.73126,1.62182,0.878162,2.16026,1.62182,4.55886e-08,1.73126]
522,[1.63629,0,1.72989,1.70048,0.108805,1.71481,1.70048,0.000131572,1.72987,1.63629,0.429944,2.59501]
523,[0.712613,0,2.28321,1.46077,2.17396,2.30434,0.712307,1.02789,2.30628,1.4555,1.10129,2.29326]
524,[1.68628,0,1.70678,1.68628,0.281543,1.70675,1.68629,8.68925e-05,1.70675,1.68629,0.281459,1.70676]
525,[1.63944,0,1.59859,1.71799,1.19088,2.39905,0.739565,0.00698507,2.38648,1.49518,0.246798,2.25046]
526,[1.31811,0,2.43623,1.31809,0.656412,3.64731,1.6039,1.03899,1.72777,1.604,0.656184,3.64742]
527,[1.2824,0,2.82321,1.2824,0.670559,2.82321,1.28239,1.42147e-05,2.82321,1.28239,0.670558,2.82321]
528,[1.57967,0,2.08902,1.43857,2.14612e-07,3.67164,1.61897,0.427786,1.73025,1.69535,0.373078,1.73632]
529,[1.69601,0,1.70461,1.65257,7.48084e-07,2.13149,0.863175,0.965714,2.14776,1.65449,1.4738,1.7794]
530,[1.70265,0,2.39748,0.740149,1.196,2.40109,1.71655,2.66144e-08,1.59927,1.76247,0.055668,1.77159]
531,[1.65533,0,1.67441,1.65533,0.830097,2.09475,1.32466,0.226944,3.94326,1.32466,0.830094,2.09475]
532,[1.6863,0,1.70676,1.6863,0.281322,1.70677,1.6863,7.05224e-08,1.70676,1.6863,0.281334,1.70677]
533,[1.76294,0,2.79981,0.749753,1.30876,2.82775,1.51059,1.02527,2.92008,1.70827,0.435779,1.55569]
534,[1.6956,0,2.46446,0.733335,1.23693,2.46051,1.49962,0.711564,3.78992,1.60831,0.409946,1.64133]
535,[0.730338,0,2.53042,1.46053,8.86126e-06,2.53042,0.730336,1.26527,2.53039,1.46053,1.26524,2.5304]
536,[1.69141,0,1.6,1.73444,1.81133,2.75235,0.736141,0.427043,2.75238,1.73446,1.42662e-06,1.6]
537,[1.7128,0,1.77555,1.69544,1.61213e-07,1.77065,1.70188,1.70252,2.38291,0.747603,0.514992,2.38191]
538,[1.32878,0,2.14091,1.39457,9.37975e-08,3.2,0.959231,1.09976,3.21848,1.47894,0.939484,3.22933]
539,[1.70277,0,1.6,1.70454,0.18946,1.58105,1.70454,7.92391e-09,1.6,1.70277,0.248744,1.57512]
540,[0.760551,0,2.85224,1.73207,6.41096e-08,1.6,2,1.14645,1.48535,1.62288,1.30799,2.90552]
541,[1.59531,0,4,1.16989,0.629947,2.0931,1.46945,2.1213,2.29668,1.64635,0.217344,1.57826]
542,[1.61821,0,1.76764,1.70535,1.69881,2.38353,0.725835,0.474453,2.39453,1.49753,0.436423,2.41064]
543,[1.57848,0,2.28571,1.57848,0.31193,1.70844,1.70445,0.308996,1.7091,1.70445,0.312087,1.70843]
544,[1.69593,0,1.6,1.7554,1.98136,2.16054,0.802328,0.933958,2.15229,1.75571,4.25666e-08,1.59636]
545,[1.4439,0,3.90586,1.72314,0.37514,1.56249,1.68758,0.266087,1.57337,1.63154,8.04732e-06,3.66895]
546,[1.61896,0,3.1174,1.61901,9.47881e-08,1.58459,1.79144,0.628449,1.70795,1.79143,7.49529e-08,1.58459]
547,[1.19,0,3.70197,1.46972,1.11992,2.29539,0.756531,0.0138381,2.28371,1.48266,0.74397,3.79818]
548,[1.36499,0,3.18752,1.60371,0.0194919,1.59805,1.71189,0.407045,2.3992,1.30516,1.16491,2.40118]
549,[1.70722,0,1.6,1.70517,1.33182,1.6298,1.70605,1.18679,1.64591,1.71318,0.000115499,1.59997]
550,[1.70338,0,1.6,1.70338,1.49879e-06,1.6,1.59612,1.44764,2.42539,1.59615,9.65507e-05,1.59997]
551,[1.45365,0,2.28571,0.712548,1.12259,2.29257,1.45339,1.12407,2.29224,0.71254,0.00177064,2.28541]
552,[1.68629,0,1.70679,1.68629,0.281542,1.70677,1.68629,0.000161625,1.70677,1.68629,0.281518,1.70677]
553,[0.733343,0,2.46451,1.69559,0.409999,1.64135,1.60834,0.711764,3.78989,1.49962,1.23752,2.46041]
554,[1.36485,0,2.25444,1.57925,0.308591,1.68488,1.62856,0.283384,3.8036,1.29204,1.07829,2.7249]
555,[1.68628,0,1.70678,1.68628,0.281516,1.70676,1.68629,0.000209967,1.70674,1.68629,0.281514,1.70676]
556,[1.59808,0,1.5778,1.67555,0.627099,2.19613,1.48125,0.757926,2.08488,1.1538,0.00132573,3.99967]
557,[1.63598,0,1.59891,1.74813,0.461523,2.55308,0.74828,1.81397,2.52308,1.47145,0.233764,2.25231]
558,[1.76019,0,1.77778,1.6935,0.301716,1.72357,1.61332,4.54162e-08,3.62003,1.65084,0.156675,1.57124]
559,[1.51837,0,3.64771,0.955452,1.18281,3.64323,1.50463,1.4346,2.42757,0.727864,0.209866,2.43301]
560,[1.41223,0,2.08308,1.45455,0.405657,2.77064,0.768787,1.83638,2.75202,1.4984,1.8703,2.74322]
561,[1.36738,0,3.12309,1.46525,2.54037,3.33622,0.893292,1.15426,3.40526,1.39204,1.13724,2.09767]
562,[0.7435,0,2.45682,1.69751,0.286902,1.74242,1.69548,0.748454,1.65378,1.69646,1.1863,2.46886]
563,[1.37688,0,2.19639,1.33452,0.580909,2.74673,1.39829,3.49494,3.6848,1.08782,2.50005,3.66109]
564,[1.69252,0,1.63358,1.73827,1.15153,2.28692,0.757331,0.0177968,2.28317,1.74239,0.0516423,1.59484]
565,[1.60223,0,1.74715,1.70124,0.219926,1.70573,1.70396,0.208623,1.71375,1.58263,6.72841e-08,2.26387]
566,[1.60317,0,3.78592,1.60319,0.270496,1.62244,1.73385,0.292887,1.84098,1.73385,0.270433,1.62245]
567,[1.72597,0,3.2,1.41132,1.60198,2.82232,0.753223,0.123698,2.85753,1.62182,4.19079e-08,1.45391]
568,[1.61641,0,1.6,1.69997,1.37123e-08,1.6,1.69839,0.151349,1.58486,1.61947,9.82818e-08,3.14721]
569,[1.60228,0,3.42567,1.05838,0.960715,3.42145,1.60332,0.605506,1.7105,1.68685,0.356465,1.71305]
570,[1.70428,0,1.67453,1.68914,0.119603,1.69737,1.69684,0.444763,2.60305,0.732145,1.76801,2.60296]
571,[1.68631,0,1.70675,1.68631,0.281344,1.70676,1.6863,3.76952e-08,1.70676,1.6863,0.281347,1.70676]
572,[1.65787,0,3.6516,0.690089,1.40284,3.61695,1.56091,9.53496e-09,1.77778,1.75946,0.16875,1.58313]
573,[1.43067,0,3.64749,1.43067,3.3379,4,1.28924,9.34213e-08,2.11768,1.28924,3.3379,4]
574,[1.70441,0,1.71356,1.70441,1.20043e-08,1.71645,1.5815,2.04754,2.2784,1.5815,2.58437e-08,1.71645]
575,[1.68626,0,1.70679,1.68627,0.281684,1.70673,1.68628,0.000155011,1.70674,1.68628,0.281597,1.70674]
576,[1.62831,0,2.28571,1.49637,1.84214,2.44381,0.735056,0.566621,2.46015,1.69887,0.943045,1.64411]
577,[1.2824,0,3.02255,1.2824,0.67056,3.02255,1.28239,1.49838e-05,3.02255,1.28239,0.670559,3.02255]
578,[1.31193,0,2.20455,1.73342,0.246396,1.57014,1.64395,0.539693,3.02216,1.36306,1.02779,3.74305]
579,[1.59151,0,2.84888,0.76424,1.28652,2.90844,1.57575,0.392312,2.22967,0.79599,1.46221,2.24527]
580,[1.69515,0,1.7109,1.69515,7.33658e-08,1.68911,1.60029,0.333855,3.37858,1.60027,5.12242e-08,1.68909]
581,[1.69582,0,1.71502,1.73232,1.13939,2.29094,0.760524,0.00513429,2.28498,1.72625,0.00820152,1.71735]
582,[1.56674,0,2.10244,1.49976,1.43656,2.24276,0.773579,0.272466,2.24679,1.6259,0.484069,1.86889]
583,[1.68629,0,1.70674,1.68629,1.42526,1.70675,1.68629,8.7248e-08,1.70673,1.68629,1.42529,1.70675]
584,[1.54564,0,1.73487,1.68556,0.289321,1.69653,1.55741,9.2574e-08,3.3933,1.10377,0.970426,3.41385]
585,[1.68852,0,1.71848,1.64117,1.23581e-08,2.50269,1.34175,2.10385,3.34646,1.58938,0.126726,1.67366]
586,[1.6174,0,3.2,1.61725,0.255332,1.57447,1.63034,7.74639e-07,3.67081,1.63036,0.255819,1.57442]
587,[1.65802,0,1.59329,1.62663,1.75952,3.07473,0.794038,0.183349,3.0628,1.44067,1.33051e-08,2.07068]
588,[1.35097,0,2.09922,1.47177,1.75406,2.58426,0.745583,0.470056,2.58282,1.49279,0.510857,2.57548]
589,[1.64233,0,1.6,1.69872,9.27024e-08,1.58984,1.7939,0.658382,1.70462,1.59556,2.20093,2.24992]
590,[1.40101,0,3.12144,1.36908,0.806075,2.44,1.49247,0.31512,1.96061,1.54721,7.00198e-08,2.09245]
591,[1.62593,0,1.58629,1.77606,0.186872,1.75701,1.69819,0.262453,1.74861,1.61039,0.263085,3.06544]
592,[2,0,1.57453,1.64064,1.36733,3.64601,1.63445,0.0724299,1.71674,1.68189,0.20927,1.68571]
593,[1.46072,0,2.53828,0.731218,1.26948,2.5381,1.46072,1.26908,2.53825,0.731223,7.58565e-08,2.53826]
594,[1.68628,0,1.70678,1.68627,0.281508,1.70675,1.68629,0.00017333,1.70675,1.6863,0.281553,1.70675]
595,[1.53861,0,2.7388,0.766653,1.57764,2.67714,1.51396,4.9218e-08,2.44824,0.768407,1.09705,2.48138]
596,[1.78701,0,1.50002,1.67009,0.237688,2.90088,0.757751,1.81051,2.8379,1.72193,9.37463e-08,1.71864]
597,[1.33331,0,3.63897,1.47521,0.483752,3.59275,1.47452,1.31791,1.80556,1.55788,0.548496,2.1681]
598,[1.68631,0,1.70676,1.68632,0.281322,1.70677,1.68629,1.57823e-07,1.70676,1.68631,0.281279,1.70677]
599,[1.68631,0,1.70677,1.68631,0.281292,1.70679,1.68631,4.10204e-08,1.70677,1.68631,0.281325,1.70677]
600,[1.37956,0,2.08453,1.59271,0.382821,1.73524,1.6899,0.828864,1.68568,1.63131,1.02688,3.42663]
601,[1.62706,0,1.6,1.62722,1.0467,3.47851,1.30813,0.346643,3.47855,1.30829,1.04775,3.47802]
602,[1.65911,0,1.72383,1.64336,0.394355,2.59385,1.35361,0.883856,2.63877,1.24534,0.00252789,2.66625]
603,[1.40016,0,2.14354,1.39036,0.58247,3.53755,1.21974,2.95996e-08,2.66667,1.41384,0.582552,2.1433]
604,[1.61823,0,1.5986,1.69324,1.23988,1.64001,1.69669,0.986173,1.6682,1.62501,1.33945,3.1954]
605,[1.37791,0,2.19815,1.37536,0.615785,2.19926,1.6074,1.03124,1.76556,1.60475,0.625933,2.1963]
606,[1.70747,0,1.6,1.70337,2.02901,3.99301,1.60832,0.738695,1.6957,1.7045,1.19482,1.64502]
607,[1.59931,0,1.59329,1.75722,0.104598,1.76616,1.69616,0.221601,1.73251,1.61225,0.236045,3.55944]
608,[1.69496,0,1.59972,1.74193,2.1259e-08,2.28571,0.761246,1.14548,2.28485,1.74756,3.56158e-08,1.6]
609,[1.70718,0,1.6,1.70627,0.155516,1.58444,1.70627,2.11119e-07,1.6,1.70718,0.107187,1.58928]
610,[1.75943,0,1.6,1.69573,0.0945997,1.59054,1.76235,0.0247906,2.13253,0.802876,1.11913,2.12582]
611,[1.70559,0,1.6,1.70559,2.51352e-05,1.59998,1.74398,0.0259862,1.81757,1.74398,8.31248e-06,1.59999]
612,[1.68648,0,1.72302,1.57836,2.15232e-08,3.53109,0.996324,2.31049,3.62649,1.65601,0.269587,1.66153]
613,[1.01583,0,3.34648,1.55839,0.256275,1.66328,1.57876,1.48386e-08,2.7644,1.39745,1.04931,3.35877]
614,[1.47905,0,2.47545,0.735176,1.25176,2.45804,1.51354,1.1919,3.43704,1.29756,2.46854,2.54683]
615,[1.70374,0,1.6,1.70375,0.0258859,1.59734,1.63988,0.320729,2.23943,1.63998,0.026041,1.59725]
616,[0.815698,0,3.67518,1.53088,0.353394,2.4128,0.726794,1.59496,2.40084,1.55545,2.25086,3.77335]
617,[1.61727,0,1.6,1.70629,1.53505,3.35825,1.26432,0.452228,3.49278,1.35267,0.805632,2.13099]
618,[1.63644,0,3.66756,0.986144,1.08307,3.68063,1.64574,0.330051,1.56699,1.68913,0.24364,1.57564]
619,[1.61904,0,1.71817,1.69838,0.10866,1.69688,1.69925,0.154676,1.68876,1.60311,3.48746e-08,3.87775]
620,[0.757385,0,2.58187,1.68403,1.24865,1.74753,1.61952,0.699496,2.13437,1.46097,1.3203,2.56755]
621,[1.69838,0,1.71302,1.62927,0.413244,3.85569,1.62927,3.40852e-08,1.71301,1.69837,0.0696924,1.70626]
622,[1.68493,0,1.68164,1.6706,0.442161,2.50948,1.32878,4.49333e-08,3.55587,1.62784,0.126816,1.70924]
623,[1.39199,0,2.19074,1.66502,1.00406e-08,1.6,1.69132,3.55965,3.60455,0.830495,2.2439,3.29169]
624,[1.62931,0,3.67291,1.4304,3.21594,3.68787,1.13588,0.493447,3.67915,1.62915,0.237584,1.57624]
625,[1.55292,0,1.67399,1.68775,0.0786363,1.67436,1.55296,1.52542,3.34861,0.645913,0.227144,3.34826]
626,[1.59839,0,1.69451,1.68827,0.0945378,1.67393,1.5859,3.13897,3.9074,1.38936,0.338109,3.34324]
627,[1.59897,0,1.53586,2,8.87359e-08,1.53896,1.5791,0.155007,3.01556,0.774624,1.67475,3.00448]
628,[1.69028,0,1.6,1.74385,0.182408,1.83466,1.60519,1.4848,2.20909,1.3406,2.02841,2.78153]
629,[1.32026,0,2.23563,1.60206,0.0320571,1.77421,1.77019,9.39437e-08,1.59774,1.64042,1.27154,3.2845]
630,[1.48079,0,2.94825,0.768767,1.3477,2.99811,1.65648,1.05148,1.56706,1.63347,0.248099,2.09244]
631,[1.63001,0,3.67019,1.62256,0.421192,1.73098,1.62256,1.5321e-07,3.67019,1.63001,0.256551,1.57434]
632,[1.47525,0,3.75347,1.64693,9.55319e-08,1.67104,1.58588,1.59078,3.43725,0.962331,0.292428,3.52933]
633,[0.765667,0,2.38906,1.76634,0.528632,1.54714,1.64671,0.787012,2.06443,1.533,1.13364,2.40647]
634,[1.7462,0,1.58202,1.77326,0.584707,1.71281,1.77326,1.16676e-07,1.58202,1.7462,1.03865,1.66237]
635,[1.42777,0,2.90833,1.42744,5.54578e-08,2.76406,1.15715,1.36834,2.61536,1.15694,7.10818e-09,2.76398]
636,[1.6776,0,2.28571,0.771009,1.09719,2.30094,1.73539,0.628496,1.63812,1.72758,0.595585,1.8511]
637,[1.59694,0,1.70667,1.69079,0.193924,1.70169,1.69076,4.35379e-07,1.70648,1.59782,0.348481,3.41349]
638,[1.65733,0,1.56615,1.63519,0.256435,2.09359,1.47929,0.402453,2.95268,0.769191,1.80111,3.00389]
639,[1.68629,0,1.70677,1.68628,0.28161,1.70675,1.6863,0.000204047,1.70675,1.6863,0.281504,1.70677]
640,[1.32429,0,2.11567,1.6428,0.0243294,1.68841,1.69964,0.0731019,1.68202,1.59022,0.406112,2.2277]
641,[1.64096,0,2.85859,1.38503,0.360273,2.12028,1.6212,0.0877658,1.59122,1.69603,4.07585e-07,1.6]
642,[1.70425,0,1.77778,1.76277,5.10159e-06,1.59888,1.69962,1.41353,1.62072,1.75582,2.76161e-05,1.77777]
643,[1.70559,0,1.6,1.74395,1.43878,1.81742,1.74404,0.0242648,1.59757,1.70555,2.63035e-07,1.6]
644,[1.39663,0,2.0963,1.43732,0.88807,2.39514,1.25197,0.323963,2.23943,1.33398,0.815193,2.45837]
645,[1.70659,0,1.76897,1.70659,2.91517e-08,1.77778,1.7565,0.0634747,1.58657,1.7565,1.06331e-07,1.77778]
646,[1.68628,0,1.70678,1.68628,0.28161,1.70676,1.68629,0.000178721,1.70676,1.68629,0.281581,1.70675]
647,[1.46603,0,2.38266,0.780566,1.13251,2.41171,1.52544,1.31278,2.09817,1.3393,0.155702,2.23258]
648,[1.59743,0,3.85784,1.59554,0.291611,1.6498,1.69521,0.284838,1.65133,1.7445,0.459876,1.81397]
649,[1.61145,0,1.57359,1.6902,2.81019e-08,1.57546,1.58954,0.203378,3.06936,0.777278,1.7624,3.05446]
650,[1.62609,0,1.75334,1.69448,1.59444,1.8007,1.75132,5.17071e-08,1.57866,1.62876,3.41803,3.68229]
651,[1.60904,0,1.6,1.69926,0.000114573,1.59999,1.69926,8.7396e-05,1.59999,1.60904,0.0234689,3.98833]
652,[1.66252,0,2.98803,0.765598,1.57348,2.98055,1.60466,3.40843e-09,1.51813,1.78277,1.54648,1.73089]
653,[1.69719,0,1.68592,1.60855,1.36518,3.53895,1.61519,0.0323038,1.68192,1.69717,8.95282e-08,1.70222]
654,[1.65895,0,2.5672,0.732924,1.27813,2.56712,1.50482,1.28599,2.5606,1.57382,0.419253,1.71213]
655,[0.775836,0,3.05439,1.58472,1.37619,1.56497,1.69014,1.34087,1.5683,1.60748,1.55954,3.03673]
656,[1.41547,0,2.57617,1.36116,0.656996,2.19186,1.55464,0.129861,1.91677,1.56734,1.52501,2.06786]
657,[1.74447,0,1.6,1.70228,7.55465e-08,1.6,1.64444,0.233203,2.21701,1.59202,1.04557,1.6616]
658,[1.63711,0,2.62219,0.766863,1.30674,2.62261,1.43057,0.218188,2.097,1.63235,0.434639,1.74808]
659,[1.68629,0,1.70677,1.68629,0.281507,1.70676,1.6863,6.59552e-05,1.70677,1.68629,0.281462,1.70677]
660,[1.61186,0,1.6,1.69702,0.105941,1.58941,1.69703,8.19337e-08,1.6,1.61188,1.84932,3.20341]
661,[1.68631,0,1.70676,1.68632,0.281264,1.70678,1.6863,5.73811e-08,1.70676,1.68631,0.281327,1.70677]
662,[1.3949,0,3.03414,1.33352,0.536304,3.09274,1.32442,7.12826e-08,2.53292,1.3598,0.593564,2.1681]
663,[1.37604,0,2.19734,1.37629,0.617796,2.19746,1.5921,0.317485,1.65116,1.59191,0.617361,2.19752]
664,[1.4779,0,2.40197,0.764284,1.25059,2.39826,1.48755,9.96587e-08,2.18989,1.41097,0.638081,2.19456]
665,[1.6034,0,4,1.14424,0.687459,2.08927,1.46959,0.0683113,2.26615,1.57015,0.358793,1.69805]
666,[1.02983,0,3.19144,1.59486,1.364,1.59572,1.72747,0.174312,3.95642,1.34735,2.13739,3.2024]
667,[1.31182,0,2.28571,1.31183,0.647934,2.28601,1.31181,3.0569e-05,2.28571,1.31181,0.647932,2.28601]
668,[1.46349,0,2.23777,1.59888,0.898404,1.67796,1.70318,1.28118,2.60592,0.758993,2.0419e-08,2.60887]
669,[1.47167,0,2.26509,1.32949,0.532552,2.9469,1.33302,1.17848,2.47025,1.3761,0.625362,2.11847]
670,[1.65805,0,1.77537,1.69197,0.307354,1.74363,1.71037,1.12137,2.28706,0.780876,1.77085e-08,2.28571]
671,[1.68632,0,1.70677,1.68631,0.281169,1.70679,1.68632,4.22951e-06,1.70676,1.68632,0.281299,1.70678]
672,[1.67825,0,2.81974,0.757813,1.23827,2.88641,1.69207,0.934816,1.5006,1.79125,0.243245,1.75075]
673,[1.61107,0,1.5754,1.69018,2.1574e-09,1.57773,1.58819,0.201721,3.07412,0.777768,1.76499,3.05786]
674,[1.58274,0,3.08404,1.58283,0.34624,1.7126,1.70031,0.341695,1.70524,1.7003,0.346276,1.71259]
675,[1.5933,0,1.57207,1.69096,1.56642,1.56938,1.60489,1.78232,3.03975,0.775998,0.205825,3.06187]
676,[1.6863,0,1.70676,1.68631,0.281343,1.70676,1.6863,1.14884e-07,1.70676,1.6863,0.281378,1.70676]
677,[1.68631,0,1.70676,1.68631,0.281308,1.70677,1.68631,3.47912e-08,1.70676,1.68631,0.28131,1.70677]
678,[0.732244,0,2.55077,1.70263,1.34733,1.70049,1.6818,1.63797,1.70696,1.67433,1.27348,2.54685]
679,[0.76075,0,2.28571,1.72311,0.508643,1.72126,1.6958,0.565889,1.7149,1.73246,1.11575,2.29137]
680,[1.70534,0,1.64305,1.70186,5.66601e-08,1.66573,1.58873,0.044276,2.50132,1.66098,0.354805,1.56452]
681,[1.59693,0,3.41441,1.59848,0.353423,1.70659,1.69072,0.152325,1.71291,1.69084,0.352254,1.70651]
682,[1.70403,0,1.6,1.74239,0.00926457,1.81792,1.73749,1.46334e-07,1.62338,1.70197,0.140451,1.58592]
683,[1.62955,0,3.66954,1.38431,0.97562,2.11747,1.40663,0.417465,2.1171,1.63487,0.234588,1.57654]
684,[1.27132,0,3.88075,1.45188,0.362154,3.55493,0.780604,2.68164,3.32959,1.39348,0.443837,2.09296]
685,[1.70488,0,1.66703,1.69645,4.26421e-08,1.67689,1.69632,0.0452962,1.65907,1.70351,1.50713,4]
686,[1.69431,0,1.6,1.68936,6.68969e-08,1.6,1.65135,2.87593,3.40941,0.961215,0.369075,3.51559]
687,[1.40339,0,3.5697,1.13351,2.77068,3.38605,1.31362,1.31432e-05,3.8918,1.13554,3.06446,3.72671]
688,[1.35522,0,2.54662,1.65536,0.413174,1.69917,1.69699,0.343469,1.70341,1.582,6.95443e-09,2.28571]
689,[1.57262,0,1.57965,1.63691,1.3492,2.09297,1.35634,2.25837,3.15252,0.994836,0.1886,3.15918]
690,[1.57776,0,1.71723,1.69107,0.289596,1.68763,1.56662,1.3117e-05,2.24997,1.34386,3.47526,3.73103]
691,[1.40608,0,2.60914,1.43056,0.617901,2.18489,1.37977,2.75539e-08,2.18671,1.4198,0.226653,2.25334]
692,[1.47158,0,2,1.64843,0.175418,1.70713,1.70162,0.247884,1.69596,1.59708,0.0583812,2.23451]
693,[1.59927,0,2.25905,1.58329,0.445713,1.81001,1.58329,6.45849e-06,2.25905,1.59928,0.523954,1.5476]
694,[1.42855,0,3.15732,1.34529,1.08612,2.36649,1.43193,1.07042,2.48826,1.24332,0.230452,2.49651]
695,[1.05747,0,3.42548,1.60138,0.355163,1.71299,1.68666,0.611888,1.70979,1.60214,0.964772,3.42012]
696,[1.34141,0,2.28571,1.61541,0.572151,1.85698,1.75668,0.133354,1.57335,1.6606,0.449466,3.02026]
697,[1.73702,0,1.61054,1.73702,0.0442559,1.82785,1.73702,5.90212e-05,1.61053,1.73702,0.0442454,1.82785]
698,[1.59917,0,2.26281,1.4335,1.70629,2.85874,0.770811,0.177747,2.91027,1.63749,3.33153e-08,1.49379]
699,[1.69859,0,1.6,1.66612,1.54106,3.61473,1.66612,1.77206e-06,1.6,1.69859,1.44441e-06,1.6]
700,[0.739515,0,2.634,1.72062,1.70351e-08,1.69694,1.69124,0.123588,1.65206,1.72929,1.30751,2.64191]
701,[1.40159,0,3.02328,1.12304,1.20698,2.9586,1.34831,2.60993e-08,2.11314,1.50643,5.1658e-08,2.08421]
702,[1.47501,0,2.0924,1.13783,3.32896,4,1.67659,0.242778,1.64146,1.59553,8.5324e-08,2.18215]
703,[1.6371,0,1.6,1.69949,0.0518557,1.59311,1.70013,0.0809063,1.58826,1.61599,0.311636,3.07881]
704,[0.760446,0,2.28571,1.72611,0.00343304,1.71784,1.69581,5.48361e-08,1.7148,1.73244,1.13583,2.2914]
705,[1.7046,0,1.65826,1.7046,7.86627e-08,1.66391,1.72391,0.302036,1.84064,1.72391,1.17711e-08,1.66391]
706,[1.59569,0,2.28571,1.3208,3.45989,3.75548,1.64853,0.205107,1.57949,1.7659,0.151275,1.7472]
707,[1.77883,0,1.59521,1.7,4.70246e-05,1.59457,1.77456,0.432876,1.72968,1.70246,0.501657,1.72203]
708,[0.747594,0,2.38159,1.70248,0.0626652,1.77017,1.69543,0.0171576,1.77587,1.71247,1.19265,2.38078]
709,[1.70002,0,1.6,1.70002,0.00137919,1.59986,1.61905,0.26917,3.0926,1.61904,0.00137171,1.59986]
710,[1.36462,0,3.74734,1.23254,0.884845,3.72692,1.63761,0.0510101,1.5949,1.66771,0.450354,2.53649]
711,[1.59662,0,2.36059,1.59662,6.84308e-08,1.6,1.63865,0.307311,2.24181,1.63866,3.40257e-08,1.6]
712,[1.70662,0,1.76734,1.70646,5.59155e-08,1.77778,1.75625,0.043764,1.58743,1.75495,1.72758,1.78405]
713,[1.68629,0,1.70679,1.68629,0.281553,1.70677,1.68629,0.00011231,1.70677,1.68628,0.281556,1.70676]
714,[1.61099,0,1.50569,1.62512,0.18744,2.93641,1.50994,0.243826,2.91388,0.770266,1.65249,2.93801]
715,[1.70368,0,1.6,1.70531,0.16898,1.5831,1.7053,9.97703e-10,1.6,1.70369,0.228163,1.57717]
716,[1.26152,0,3.39821,1.36263,2.57383,3.85752,1.31921,6.1845e-08,2.26694,1.36293,0.67445,2.71931]
717,[1.44814,0,2.13398,0.722173,1.03703,2.13757,1.44893,1.06418,2.13369,0.722542,9.46574e-08,2.1351]
718,[0.959269,0,3.38138,1.34045,5.94886e-08,2.45608,1.32046,2.69101,3.97618,0.5,1.22069,3.69483]
719,[0.74935,0,2.58159,1.46325,0.359279,2.10991,1.64138,1.62206,1.74745,1.67237,1.29032,2.58179]
720,[1.59894,0,1.77778,1.69362,0.346462,1.73928,1.57763,4.34765e-08,2.08836,1.3314,0.847823,2.50968]
721,[1.71866,0,1.6,1.69603,0.00195362,1.5998,1.61048,0.000211363,2.40442,0.758307,1.19702,2.4067]
722,[1.70767,0,1.6,1.69998,1.30176,1.63314,1.68907,3.55724e-05,1.62832,1.70163,6.81948e-08,1.6]
723,[0.730486,0,2.42553,1.82178,1.12836e-06,1.45455,2,1.33111,1.78319,1.70328,1.2123,2.42487]
724,[1.59603,0,1.6431,1.70413,0.307918,1.56921,1.70087,0.136807,1.58632,1.66333,0.242238,2.19843]
725,[1.60079,0,1.75244,1.70076,0.233093,1.70791,1.7037,0.206601,1.71929,1.58105,5.77703e-09,2.27043]
726,[1.45636,0,2.28571,0.712211,1.11488,2.29503,1.45423,1.08212,2.30594,0.712375,2.24139,2.30343]
727,[1.62454,0,1.58252,1.78506,0.343174,1.73048,1.56587,0.614785,3.34503,0.888528,2.88852,3.27787]
728,[1.73679,0,1.6,1.61258,1.63029,3.18466,1.35976,0.70648,2.08377,1.63054,1.12775,1.718]
729,[1.65562,0,3.67882,1.30461,0.56408,2.20513,1.71556,3.43979e-08,1.59708,1.6924,0.103466,1.58965]
730,[1.42274,0,3.97242,1.42274,3.54667e-08,3.77316,1.27619,0.763259,3.74871,1.2762,2.38779e-08,3.77317]
731,[1.61197,0,1.77778,1.61197,0.535703,2.20824,1.37226,9.61557e-08,2.19325,1.37226,0.535681,2.20824]
732,[1.68864,0,1.6,1.61964,0.263851,3.73406,1.03135,2.93501,3.73347,1.61996,7.27472e-08,1.6]
733,[1.29864,0,2.11307,1.52208,0.697933,2.43447,0.770006,1.96643,2.42012,1.46352,0.378909,2.23158]
734,[1.61111,0,1.57515,1.69019,6.83895e-08,1.57741,1.58815,0.201703,3.07354,0.777722,1.76461,3.05739]
735,[1.34,0,3.45438,1.3469,0.413788,2.09149,1.44133,2.44555e-08,2.09367,1.32793,0.717416,2.5471]
736,[1.60428,0,2.28571,0.781348,1.08986,2.30337,1.73759,0.59723,1.64505,1.69447,0.320577,1.70653]
737,[1.70222,0,1.70759,1.70219,0.0136312,1.69001,1.58531,0.340262,2.23701,1.58517,0.0135051,1.69014]
738,[1.34147,0,2.18207,1.451,1.90447,2.12924,1.63294,0.604209,1.71064,1.60652,0.973074,3.33224]
739,[1.55194,0,1.82245,1.7481,6.75848e-08,1.59546,1.63131,2.91649,3.71744,1.06711,0.265362,3.68093]
740,[1.68897,0,1.68988,1.55449,1.48096,3.37639,0.656021,0.201038,3.36943,1.55481,3.75753e-08,1.68129]
741,[1.75473,0,1.6,1.70514,0.00330438,1.59957,1.70514,3.46673e-07,1.6,1.75473,0.128948,1.76345]
742,[1.68627,0,1.70679,1.68627,0.281742,1.70675,1.68629,0.000277752,1.70676,1.68629,0.281726,1.70676]
743,[1.22768,0,3.59706,1.32701,0.427047,2.53412,1.66463,1.61049e-08,1.69078,1.66132,2.89977,3.47395]
744,[1.59134,0,1.68446,1.63186,0.835766,2.94632,1.48516,0.205361,3.15893,1.36197,0.663229,2.36367]
745,[1.38962,0,2.10319,1.40485,0.540944,2.10348,1.40016,0.371473,3.19656,1.44432,0.9483,2.86228]
746,[1.63465,0,2.09107,1.45843,2.13689,2.97988,0.771482,0.498885,3.03928,1.62107,0.256146,1.56789]
747,[0.739096,0,2.37643,1.76313,0.451963,1.5548,2,0.767135,1.59163,1.72046,1.16116,2.38587]
748,[1.68633,0,1.70675,1.68637,0.281076,1.70682,1.68633,1.92803e-08,1.70676,1.68633,0.281031,1.7068]
749,[1.53457,0,2.544,0.761127,1.41537,2.50636,1.53038,3.35252e-08,2.28571,0.795492,1.00654,2.31882]
750,[1.60167,0,1.75016,1.70098,0.227083,1.70698,1.7038,0.20546,1.71723,1.58201,1.97705e-10,2.26747]
751,[1.68628,0,1.70678,1.68628,0.281531,1.70676,1.68629,0.000111185,1.70676,1.68629,0.281538,1.70676]
752,[1.50513,0,2.62102,1.62807,0.237631,1.57624,1.77465,1.37248,2.59634,0.734718,0.0531474,2.60354]
753,[0.752286,0,2.39855,1.69403,0.303671,1.74403,1.69101,0.660193,1.70442,1.7143,1.16248,2.40902]
754,[1.37088,0,2.93338,1.26402,1.05669,2.82832,1.37076,0.739485,2.71465,1.38066,0.361972,2.12232]
755,[1.69833,0,1.6,1.70001,0.288839,1.57112,1.70001,2.06808e-06,1.6,1.69834,0.331755,1.56682]
756,[1.36287,0,2.252,1.24205,0.742792,2.40468,1.38324,1.41375,2.91725,1.25107,0.516626,2.93781]
757,[1.74713,0,1.6282,1.68773,1.32402,1.66321,1.73651,0.818519,2.72421,0.739534,2.13343,2.7375]
758,[1.69585,0,1.71694,1.73066,1.16968,2.28712,0.761507,0.0497449,2.27861,1.72747,0.0495681,1.71316]
759,[1.69296,0,2.5123,1.27728,1.30963,3.30504,1.62617,0.00227111,1.59977,1.69035,4.69828e-08,1.62332]
760,[1.40364,0,2.28261,1.58301,0.17253,1.73507,1.69536,1.54847,1.80644,1.60629,8.1206e-09,2.09446]
761,[1.60199,0,3.98014,1.608,1.02171,1.66425,1.69798,1.12636,1.65263,1.72847,2.15367e-06,1.59998]
762,[1.49988,0,2.70996,0.743063,1.44284,2.6794,1.76109,6.57739e-08,1.59492,1.61483,1.67154,3.12069]
763,[1.62635,0,2.28571,0.775045,1.12571,2.28791,1.70087,1.36782,1.82902,1.68793,0.120836,1.74135]
764,[0.757221,0,2.66667,1.52981,1.0524,2.43621,0.777656,3.0392e-08,2.39846,1.52063,1.48699,2.62965]
765,[1.56226,0,1.70066,1.56625,0.91053,2.25597,1.3723,1.08102,3.35461,0.968194,6.61942e-08,3.34468]
766,[1.70141,0,1.69156,1.58462,0.326968,2.239,1.58459,0.000141068,1.69153,1.70141,0.0507652,1.70134]
767,[1.59246,0,2.09814,1.42474,2.19564,2.61267,1.257,0.890515,3.45375,1.58349,0.838965,1.78376]
768,[1.7004,0,1.75261,1.68877,8.52366e-08,1.70546,1.71523,0.442759,2.40028,0.751242,1.66645,2.38892]
769,[1.64254,0,2.66667,1.45993,1.44336e-08,2.28571,0.794042,1.09321,2.30226,1.72945,0.637835,1.63604]
770,[1.74012,0,2.28571,0.759462,1.11449,2.29128,1.73606,1.2221,1.64199,1.69428,1.1531,1.63436]
771,[1.47618,0,2.64037,1.55693,0.502385,1.88227,1.57265,2.32438e-08,2.36227,0.786077,1.05794,2.39614]
772,[0.732066,0,2.55144,1.70555,0.352114,1.70002,1.68154,0.0141258,1.7068,1.67473,1.2972,2.54778]
773,[1.57623,0,2.77569,1.37928,0.691849,2.39648,1.36361,2.75461,2.93166,1.63203,0.281447,1.66454]
774,[1.68783,0,1.6,1.72705,0.0706109,3.68445,0.851291,1.34215,3.66446,1.66256,5.81508e-08,1.5871]
775,[1.031,0,3.67352,1.63494,0.261663,1.57383,1.61662,0.50131,3.80994,1.47107,0.93687,3.73138]
776,[1.49278,0,2.57548,1.35155,1.27039,2.09945,1.47239,1.2913,2.58336,0.74551,3.76915e-08,2.58192]
777,[1.4179,0,2.23772,1.59517,0.188462,1.69894,1.55749,0.38952,3.4205,1.02302,2.72411,3.45116]
778,[1.7123,0,1.6,1.68097,9.32479e-08,3.61051,1.17411,0.921551,3.60522,1.39048,0.404828,2.39854]
779,[1.73607,0,1.81712,1.74258,0.207547,1.59052,1.64121,0.0296043,3.66835,1.63513,0.31052,1.56895]
780,[1.70766,0,1.64555,1.71835,0.404198,1.55957,1.71824,0.000355574,1.64549,1.70766,0.0219695,1.64477]
781,[1.6987,0,1.69266,1.64169,1.34311e-07,2.11707,1.38334,0.183598,2.25949,1.59099,1.10255e-06,1.68154]
782,[1.57547,0,1.45455,2,1.1448,1.50175,1.61201,1.31234,2.93753,0.769263,4.60297e-08,2.89602]
783,[0.777595,0,3.10653,1.58458,1.32961e-08,1.56806,1.6903,1.56265e-08,1.56553,1.59469,1.63813,3.07054]
784,[1.6142,0,1.6,1.75573,0.108817,2.63041,0.73647,1.41267,2.63495,1.50566,1.34274,2.66291]
785,[1.46068,0,2.5363,0.730991,1.26817,2.53624,1.46068,1.2682,2.53618,0.730983,1.56697e-07,2.53622]
786,[0.730822,0,2.53477,1.46064,3.19436e-07,2.53475,0.730825,1.26747,2.53469,1.46064,1.26769,2.53462]
787,[1.68626,0,1.70679,1.68627,0.281815,1.70675,1.68628,0.000286262,1.70675,1.68627,0.281703,1.70675]
788,[1.32505,0,3.83403,1.40898,0.645121,3.41702,1.69835,0.302988,1.56273,1.67805,0.654369,2.55761]
789,[1.5937,0,1.70297,1.69485,8.38687e-08,1.68161,1.69445,0.0195167,1.70132,1.60264,1.36681,3.404]
790,[1.40631,0,2.19403,1.60976,0.0138303,1.75034,1.69485,1.53068,1.75546,1.61072,0.65466,2.19219]
791,[1.70117,0,1.74792,1.60198,2.81244e-09,2.26484,1.58226,0.208956,1.7145,1.70393,0.22189,1.70605]
792,[1.71654,0,1.58757,1.77691,0.609337,1.71007,1.77691,1.8116e-05,1.58757,1.71652,1.16466,1.64837]
793,[1.69483,0,1.65183,1.69483,0.176064,1.61207,1.7047,2.23647,4,1.7047,0.175895,1.61209]
794,[1.76284,0,1.5859,1.70894,2.79853,3.94751,1.60401,0.145421,1.75834,1.69534,0.055203,1.77164]
795,[1.50997,0,2.9718,1.61339,9.54169e-08,1.50263,1.60394,1.62585,2.93761,0.769731,0.161417,2.92568]
796,[1.76282,0,2.39867,0.739954,1.2022,2.40125,1.71705,0.0121666,1.59878,1.69373,0.346795,1.56532]
797,[1.69187,0,1.72186,1.62476,3.02992,3.66043,1.27979,1.72629,2.26287,1.59122,0.237405,1.70035]
798,[0.751765,0,2.55702,1.47884,0.167584,2.13956,1.34033,1.09522,3.20703,1.49237,1.29755,2.55232]
799,[1.68627,0,1.7068,1.68626,0.281801,1.70675,1.68628,0.000314028,1.70676,1.68628,0.281697,1.70675]
800,[1.70146,0,1.6,1.7606,0.120635,1.76437,1.70421,0.147002,1.76144,1.76164,4.1526e-06,1.6]
801,[0.829973,0,2.1343,1.59867,5.76773e-08,2.98861,0.756193,1.57505,2.94322,1.5984,1.07867,2.13162]
802,[1.70327,0,1.72314,1.70327,3.41683e-07,1.69789,1.70252,0.062756,1.71479,1.70252,2.25779e-08,1.69789]
803,[1.69854,0,1.72336,1.71878,1.87597,2.183,0.834294,0.857453,2.16322,1.64167,6.79437e-08,1.7299]
804,[1.69518,0,1.6,1.74837,1.47579,2.23596,0.769643,0.382983,2.23098,1.74981,9.45772e-08,1.5873]
805,[1.5838,0,3.86015,1.5838,0.827913,1.6544,1.63383,2.34164e-08,2.28571,1.63383,0.827937,1.6544]
806,[1.72603,0,1.71838,1.69581,2.7231e-05,1.7149,1.7324,1.13601,2.29153,0.760499,0.00196904,2.28543]
807,[1.6863,0,1.70677,1.68631,0.281326,1.70678,1.68631,1.52501e-07,1.70677,1.68631,0.281345,1.70677]
808,[1.70415,0,1.77778,1.75967,0.337786,1.56622,1.70164,0.233065,1.57668,1.7646,0.128731,1.76344]
809,[1.61917,0,1.6,1.70001,0.000246925,1.59997,1.70001,0.00029649,1.59997,1.61912,0.26832,3.09272]
810,[1.70406,0,1.71971,1.58143,2.05875,2.27991,1.58143,1.51345e-07,1.71971,1.70406,0.0694362,1.70731]
811,[1.095,0,2.09893,1.45948,1.48353,2.35006,1.7212,0.273103,1.57269,1.75334,1.34629,4]
812,[1.49853,0,2.28571,0.735619,1.08535,2.30487,1.74178,0.581037,1.64865,1.61289,0.0871617,2.26083]
813,[0.730643,0,2.43354,1.52783,3.8948e-08,2.93447,0.74897,1.3847,2.96029,1.67945,1.2291,2.43157]
814,[1.46148,0,2.34386,0.789882,1.10273,2.37106,1.5071,1.14194,2.12258,1.33203,0.067455,2.22899]
815,[1.6863,0,1.70676,1.6863,0.281337,1.70677,1.6863,1.00366e-05,1.70676,1.6863,0.281352,1.70676]
816,[1.49198,0,2.53158,0.742888,1.23445,2.5395,1.50729,1.36786,2.09031,1.32576,0.0724928,2.51616]
817,[1.70172,0,1.6,1.70172,0.0132551,1.59867,1.64853,0.330366,2.55883,1.64853,0.0133052,1.59866]
818,[1.70188,0,1.72273,1.7006,1.64109,1.70247,1.69908,0.0756909,1.71267,1.70071,5.62348e-08,1.69454]
819,[1.70489,0,1.6,1.70318,0.239492,1.57605,1.70319,6.10931e-07,1.6,1.70489,0.18024,1.58198]
820,[1.69807,0,1.66887,1.7382,0.536914,1.83446,1.60819,1.24788e-08,2.19453,1.60159,0.200861,1.65896]
821,[1.68626,0,1.70679,1.68627,0.281671,1.70675,1.68628,0.000283755,1.70675,1.68628,0.281598,1.70675]
822,[1.57306,0,3.31422,1.06542,0.997469,3.80822,1.22944,1.97763,3.77082,1.60445,0.100373,1.61567]
823,[1.42398,0,2.09592,1.42029,0.443698,2.11678,1.4358,1.99723,2.67697,0.795352,0.555804,2.71245]
824,[1.3686,0,2.93513,1.36859,0.519551,2.15687,1.35637,1.0744,2.79963,1.35637,0.519516,2.15688]
825,[1.46066,0,2.53574,0.730929,1.26821,2.5356,1.46066,1.26805,2.53565,0.730932,5.74104e-08,2.53574]
826,[1.36706,0,2.50627,1.25234,0.809391,2.77771,1.36937,0.247661,2.15383,1.40192,0.840156,2.15378]
827,[1.70012,0,1.71398,1.57478,0.328075,2.84241,1.57475,1.2193e-05,1.71399,1.70012,0.0919484,1.69521]
828,[1.45638,0,2.28571,0.712211,1.11481,2.29505,1.45423,1.08194,2.30599,0.712375,2.24125,2.30347]
829,[1.58199,0,2.2419,1.38791,2.60726,3.2309,1.6109,0.723334,1.68426,1.6919,0.864871,1.68168]
830,[1.4764,0,2.53321,1.61221,0.423012,1.73078,1.70796,1.61892e-08,2.28571,0.780987,1.04327,2.30957]
831,[1.58621,0,3.96932,1.46676,1.57444,2.40424,0.723698,0.366366,2.40658,1.72038,8.53562e-08,1.6]
832,[1.17565,0,3.718,1.40844,0.304096,3.79072,1.31827,1.3609,2.26095,1.38788,1.07578,3.63666]
833,[1.50132,0,2.34402,0.740683,1.11195,2.36432,1.72604,0.598885,1.68598,1.59962,0.245404,2.25066]
834,[1.55654,0,1.70162,1.72429,2.78297e-08,2.4647,0.732691,1.22945,2.46176,1.45181,3.10915,3.99224]
835,[1.69501,0,1.6,1.74686,1.15183,2.28393,0.761177,0.00750903,2.28463,1.74278,0.0156369,1.59754]
836,[1.57849,0,2.28571,1.57847,0.312158,1.70841,1.70445,0.309009,1.70911,1.70445,0.311763,1.70847]
837,[1.66517,0,2.60754,1.50397,0.0989356,2.57883,0.732265,1.42566,2.56587,1.75245,2.0346e-08,1.6]
838,[1.67375,0,2.10484,1.12847,0.636418,2.1948,1.69727,0.207014,1.5793,1.69855,0.101677,1.58983]
839,[1.46069,0,2.53703,0.731081,1.26878,2.53688,1.4607,1.26854,2.53698,0.731074,8.07897e-07,2.53703]
840,[0.723073,0,2.46219,1.45875,0.00478049,2.46112,0.723001,1.23573,2.46039,1.45877,1.23034,2.46158]
841,[1.64102,0,1.6,1.68914,1.42252,1.61972,1.62719,2.18908,3.45273,1.54097,1.91838,3.5204]
842,[1.5625,0,2.47058,1.49998,0.0456687,2.45866,0.729987,1.30439,2.44923,1.68839,9.23744e-08,1.75984]
843,[0.747638,0,2.38273,1.70199,0.0641433,1.77065,1.69545,0.0292823,1.77452,1.71325,1.19617,2.38126]
844,[1.49586,0,2.28571,1.61189,0.000584737,1.77771,1.71804,1.15887,2.28048,0.733457,0.00053528,2.28563]
845,[1.38771,0,3.67157,1.28392,1.17246,2.96551,1.34048,0.889534,2.49918,1.30573,2.07859e-08,2.09819]
846,[1.62447,0,1.51675,1.59137,0.152159,2.97244,0.77426,1.73211,2.92569,1.51127,1.65562,2.96396]
847,[1.77336,0,1.57116,1.78336,0.684501,1.70172,1.70594,0.683939,1.70174,1.70457,0.497134,1.72254]
848,[1.71241,0,1.77602,1.69542,0.00859153,1.76988,1.70263,1.71315,2.38114,0.747591,0.525119,2.38045]
849,[1.6902,0,1.57252,1.61163,1.7606,3.05253,0.77702,0.203407,3.06683,1.59045,5.73236e-08,1.57417]
850,[1.69947,0,1.75576,1.6101,3.70079e-08,2.1961,1.60941,0.0215904,1.75244,1.69991,0.218446,1.70926]
851,[1.57853,0,2.28571,1.57854,0.310833,1.70866,1.70445,0.308842,1.70912,1.70445,0.310825,1.70862]
852,[1.62644,0,1.502,1.61206,1.64797,2.93114,0.769503,0.242249,2.90729,1.50985,0.186081,2.92972]
853,[1.68265,0,1.6,2,0.556635,1.5443,1.61357,1.89972,3.08806,1.61982,0.162217,1.58378]
854,[1.35692,0,2.28571,1.5865,0.212587,1.71581,1.69951,0.203966,1.71633,1.57789,1.58378,2.28763]
855,[1.7441,0,1.6,1.69262,7.22471e-08,1.6,1.74623,1.734,2.56262,0.734022,0.426765,2.5701]
856,[1.54298,0,2,1.45642,4.8383e-08,2.21115,1.47459,1.47888,2.38301,0.768367,0.209218,2.39696]
857,[1.65949,0,3.63361,1.30536,0.702933,3.63373,1.30536,3.34323e-08,3.63361,1.65948,0.0984424,1.59016]
858,[1.46746,0,3.22184,0.75598,1.66146,3.20466,1.45663,7.89774e-08,2.44688,1.36124,1.59009,2.05856]
859,[1.70217,0,1.71737,1.70217,2.8831e-07,1.72409,1.60567,0.86304,2.50551,1.60564,5.53093e-08,1.72412]
860,[1.69972,0,1.75439,1.60832,0.420775,2.19877,1.60831,4.69347e-05,1.75439,1.69972,0.196765,1.70961]
861,[1.35119,0,2.09924,1.472,1.75543,2.58394,0.74557,0.471663,2.58248,1.49279,0.511697,2.57536]
862,[1.70659,0,1.76897,1.70659,2.97984e-06,1.77778,1.7565,0.0634843,1.58657,1.7565,1.50899e-06,1.77778]
863,[1.57584,0,2.28571,1.57584,0.321286,1.70638,1.57584,1.58024e-05,2.28571,1.57584,0.321285,1.70638]
864,[1.70016,0,1.59611,1.77352,0.372796,1.73636,1.70278,0.413686,1.73172,1.77509,2.40679e-06,1.59653]
865,[1.49242,0,2.10922,1.21794,0.516661,2.21191,1.48293,0.440313,2.24984,0.726604,1.6022,2.24259]
866,[1.56181,0,2.45691,1.40647,0.601212,2.15212,1.36357,0.0193603,2.94447,1.64921,0.427708,1.80424]
867,[1.55341,0,3.39963,1.02893,1.09328,3.40281,1.33896,4.55189e-08,2.25028,1.55703,0.275573,1.68858]
868,[1.62182,0,3.2,1.62059,0.248428,1.57516,1.69504,4.51807e-07,1.62649,1.69649,0.101962,1.5898]
869,[1.71239,0,2.12885,0.859486,1.01298,2.141,1.64845,0.62542,1.70537,1.69661,0.792075,1.68977]
870,[1.0614,0,3.4266,1.6031,0.358349,1.71345,1.68737,0.585054,1.71277,1.60806,0.949007,3.42564]
871,[0.775143,0,2.97439,1.57413,6.2057e-08,1.4984,1.61886,1.59754,2.93879,1.51032,1.60215,2.92253]
872,[1.45878,0,2.46514,0.723315,1.23542,2.46405,1.45906,1.25293,2.45783,0.722812,0.0108814,2.46176]
873,[1.25985,0,2.1349,1.62317,0.206984,1.61478,1.60683,3.162,3.77989,1.41118,3.411,4]
874,[1.61162,0,1.57247,1.6902,3.64717e-08,1.57411,1.5904,0.20323,3.06677,0.777026,1.76047,3.05247]
875,[1.6202,0,2.41542,1.40156,0.574868,2.11093,1.58541,0.100328,1.84668,1.72322,0.362815,1.66706]
876,[1.74525,0,2.13119,0.80366,0.993821,2.14373,1.49092,0.478709,2.21733,1.72108,1.0363,1.66263]
877,[1.68629,0,1.70675,1.68629,0.281421,1.70675,1.68629,2.16485e-05,1.70675,1.68629,0.281508,1.70673]
878,[1.45366,0,2.28571,0.71255,1.12231,2.29261,1.45339,1.12302,2.29246,0.712547,0.000963015,2.28557]
879,[1.6401,0,1.72213,1.68653,0.242938,1.69507,1.6178,1.06621e-09,3.54436,1.44534,0.444112,3.22507]
880,[1.68959,0,2.45796,0.74338,1.18647,2.46892,1.69897,0.735034,1.65696,1.69729,0.251232,1.74795]
881,[1.6235,0,3.14247,1.43667,2.61043,3.49921,1.65754,1.34235,1.62863,1.68732,7.69705e-08,1.6]
882,[1.37703,0,3.28481,1.22872,0.754583,3.35161,1.383,0.188299,2.1348,1.45307,1.7004,2.33748]
883,[0.712555,0,2.28571,1.45367,2.70327e-05,2.28571,0.712555,1.12176,2.29275,1.4534,1.12174,2.29275]
884,[1.70627,0,1.6,1.70557,0.174774,1.58252,1.70557,5.53914e-06,1.6,1.70627,0.14373,1.58563]
885,[1.7664,0,2.44229,0.73495,1.13064,2.46355,1.50436,0.775674,2.53739,1.68639,0.42876,1.55712]
886,[1.59656,0,2.87973,0.768421,1.32178,2.89373,1.49095,0.438832,3.11223,1.76681,9.82533e-08,1.44913]
887,[1.73416,0,1.45455,1.62843,0.135176,2.85497,0.752631,1.62798,2.81608,1.41174,0.0520034,3.1896]
888,[1.75696,0,1.53356,1.77943,0.0585829,1.71956,1.7233,0.113327,2.2695,0.756492,1.20745,2.28487]
889,[1.70327,0,1.72314,1.70327,4.33301e-08,1.69789,1.70252,0.0629182,1.71477,1.70252,1.18275e-07,1.69789]
890,[1.68865,0,1.72909,1.71796,0.0602599,2.2771,0.768035,1.21055,2.27346,1.69863,4.75816e-08,1.77778]
891,[1.68629,0,1.70677,1.68629,0.281519,1.70676,1.68629,9.13108e-05,1.70676,1.68629,0.281501,1.70676]
892,[1.57521,0,3.55687,0.964106,0.961957,3.64478,1.62087,0.640798,1.65421,1.68792,0.334919,1.72106]
893,[1.36632,0,2.19873,1.36668,0.607473,2.19893,1.34619,1.22889,2.39404,1.34611,0.606772,2.19903]
894,[1.68629,0,1.70677,1.68628,0.281689,1.70674,1.68628,0.000126764,1.70676,1.68629,0.281488,1.70676]
895,[1.70137,0,1.72485,1.70137,6.07049e-08,1.72573,1.63857,0.428245,2.58895,1.63857,4.70911e-08,1.72574]
896,[1.49464,0,2.13575,0.75815,1.07379,2.13232,1.69823,8.25952e-08,1.75317,1.61778,0.0173368,2.13195]
897,[1.2824,0,2.95764,1.2824,0.670567,2.95764,1.28238,2.75903e-05,2.95763,1.28238,0.670565,2.95764]
898,[0.735941,0,2.44224,1.49322,2.19738,3.66061,1.30992,0.456921,2.59051,1.48127,1.12208,2.46263]
899,[0.74219,0,2.28571,1.48026,0.0336469,2.26971,1.35558,1.22281,2.95544,1.49482,1.1186,2.29598]
900,[1.68632,0,1.70676,1.68632,0.281227,1.70678,1.68632,1.40406e-07,1.70675,1.68633,0.28124,1.70677]
901,[1.69487,0,1.6,1.7647,0.0101789,1.77663,1.61046,1.45684,3.63579,1.65219,1.81236e-06,1.59346]
902,[1.70131,0,1.6,1.76252,0.160032,1.76,1.70409,0.160065,1.75999,1.76252,4.81291e-05,1.59999]
903,[1.37038,0,2.15214,1.39604,0.585217,2.15219,1.38645,7.27096e-08,2.5259,1.25681,0.846292,2.52562]
904,[1.68631,0,1.70676,1.68632,0.281277,1.70677,1.68632,7.64297e-08,1.70676,1.68632,0.28131,1.70677]
905,[1.60851,0,1.68601,1.6972,8.21215e-08,1.70225,1.69718,0.0309068,1.68215,1.61524,1.36362,3.53958]
906,[1.70059,0,1.72833,1.57046,0.699847,2.41914,1.57046,3.84602e-06,1.72833,1.70059,0.0871917,1.70133]
907,[1.76247,0,1.77778,1.70462,0.00624003,1.77702,1.7628,0.0217158,1.59756,1.70179,0.018341,1.5975]
908,[1.68628,0,1.70678,1.68628,0.281517,1.70676,1.68629,0.000129763,1.70676,1.68629,0.281497,1.70676]
909,[1.43122,0,3.37146,1.5887,0.318704,1.68539,1.55226,1.73227,3.3708,0.547797,0.38927,3.371]
910,[1.76248,0,1.77778,1.70455,0.000575971,1.77771,1.7625,0.00307258,1.59964,1.70172,0.00306167,1.59966]
911,[1.60636,0,3.46289,1.60633,0.305701,1.65464,1.58753,0.0190386,3.86569,1.58754,0.305764,1.65463]
912,[1.64352,0,1.53886,1.71299,2.15743e-08,2.22358,1.39594,1.08945,2.98211,1.08643,3.47591e-08,3.02166]
913,[1.68631,0,1.70676,1.68631,0.281317,1.70677,1.6863,1.56067e-08,1.70676,1.6863,0.281321,1.70677]
914,[1.27887,0,2.51036,1.45717,1.04419,2.30591,0.793425,7.73263e-08,2.28571,1.43874,1.73378,4]
915,[0.825708,0,3.57753,1.44712,5.39473e-06,3.57752,0.825701,1.18846,3.57752,1.44712,1.18846,3.57752]
916,[1.45048,0,2.28571,1.45049,6.54589e-08,2.18556,1.37469,0.607761,2.1853,1.37463,7.59126e-08,2.18558]
917,[1.41414,0,2.64832,1.41427,0.966713,2.14761,1.3971,1.08392,2.38813,1.3972,0.965254,2.14782]
918,[1.70114,0,1.64172,1.70126,0.122134,1.58779,1.70125,1.71245e-06,1.64172,1.70114,0.251144,1.57489]
919,[1.70518,0,1.70084,1.68152,0.277156,1.70761,1.67439,1.61706,2.54897,0.732046,0.343791,2.55265]
920,[1.54318,0,2.53701,1.47902,1.03402,2.31343,0.788138,3.95215e-08,2.28571,1.65797,0.4647,1.86732]
921,[1.77921,0,1.58005,1.74655,2.01912e-07,2.28571,0.76068,1.10345,2.29354,1.7306,0.507142,1.72143]
922,[1.3778,0,2.19246,1.42323,0.231712,2.62805,1.42323,9.18435e-08,2.19246,1.3778,0.609552,2.559]
923,[1.68628,0,1.70692,1.68629,0.281836,1.70686,1.68628,0.000364844,1.70686,1.68627,0.281828,1.70684]
924,[1.6595,0,1.57858,1.6016,0.0113308,3.1062,1.36482,0.422131,3.89447,1.36421,2.88363e-08,3.78416]
925,[1.68622,0,1.7068,1.68622,0.282241,1.7067,1.68625,0.000409233,1.70674,1.68624,0.282003,1.7067]
926,[1.6236,0,2.09684,1.6236,0.440257,1.74732,1.70431,0.492882,1.72456,1.70431,0.440238,1.74733]
927,[0.768889,0,2.75829,1.5576,1.12154,2.48122,0.762655,3.05023e-08,2.45409,1.51334,1.60296,2.68769]
928,[1.69369,0,1.70875,1.68911,9.16114e-08,1.66672,1.70792,1.72848,2.59878,0.733469,0.397857,2.60142]
929,[1.58186,0,2.089,1.3269,0.830494,2.51023,1.44689,1.88783,2.29303,1.57571,0.331844,1.74091]
930,[1.56316,0,1.6845,1.68598,1.50241,1.69915,1.54932,1.76036,3.39472,0.625867,3.08761,3.385]
931,[1.69151,0,1.63257,1.69151,0.324521,1.56755,1.6347,0.0606385,3.658,1.6347,0.324519,1.56755]
932,[1.39586,0,2.10751,1.41452,0.452685,3.50951,1.06823,1.54391,3.5013,1.39719,0.538553,2.10753]
933,[1.698,0,1.63753,1.698,8.95086e-07,1.6,1.69892,0.327628,1.56724,1.69892,2.41433e-06,1.6]
934,[1.34397,0,2.92014,1.61809,1.38245e-08,1.6288,1.69191,0.152836,1.58472,1.73814,0.663314,2.53129]
935,[1.42461,0,2.1256,1.29312,0.521975,2.21115,1.46799,1.15859,2.1202,1.42759,0.576784,2.11787]
936,[1.7131,0,1.6448,1.70785,0.00163514,1.64529,1.70785,5.61376e-06,1.64479,1.71307,0.372521,1.56275]
937,[0.738714,0,2.46436,1.48589,2.89013e-08,3.0558,1.30434,1.24177,2.45471,1.47959,1.22827,2.46195]
938,[1.76113,0,1.6,1.69644,6.92181e-08,1.59999,1.63325,0.154835,3.10796,1.61766,0.206681,1.75481]
939,[0.761135,0,2.54399,1.53457,1.00654,2.31882,0.795491,3.07704e-08,2.28571,1.53036,1.4154,2.50635]
940,[1.74947,0,1.5974,1.63077,2.92001,3.72114,1.06299,0.282042,3.67943,1.55522,0.0340442,1.81942]
941,[1.65701,0,1.64442,1.71638,0.44532,1.55547,1.7483,2.47365,3.85524,0.955424,4.51401e-08,3.76287]
942,[1.61715,0,3.14781,1.61756,0.115631,1.58844,1.69877,1.29635e-07,1.6,1.6991,0.0915142,1.59085]
943,[1.28238,0,3.03586,1.28238,0.670534,3.03586,1.2824,3.03583,3.03586,1.2824,0.670538,3.03586]
944,[1.14421,0,4,1.60352,0.358924,1.69802,1.57016,0.068644,2.26611,1.46958,0.687651,2.08924]
945,[0.916807,0,3.42484,1.56101,0.259142,1.66327,1.64559,0.66547,3.61302,1.49051,0.989226,3.5024]
946,[1.36318,0,2.46469,1.57754,8.44746e-09,1.64248,1.69859,0.336915,1.56631,1.6072,0.563987,3.85163]
947,[1.54189,0,2,1.46413,0.585828,2.20202,1.4752,0.24564,2.37951,0.768693,1.41986,2.3953]
948,[1.33245,0,2.52594,1.66505,0.332118,1.56679,1.7777,2.12628e-08,1.736,1.59295,1.35767,2.09176]
949,[1.35304,0,3.10813,1.478,1.47872,2.24155,0.756291,0.406888,2.22759,1.48038,0.529504,2.19867]
950,[1.7263,0,1.57186,1.62266,1.33897,3.14012,1.48334,1.78634,2.75528,0.741353,0.392618,2.75103]
951,[1.78524,0,1.59013,1.70199,5.55405e-06,1.59543,1.75747,0.989248,1.66786,1.6996,0.576767,1.71369]
952,[1.63347,0,3.89436,1.13496,0.867461,3.92093,1.75461,0.430021,1.557,1.78783,0.420304,1.73108]
953,[0.730926,0,2.53583,1.46066,3.97141e-08,2.53583,0.730939,1.26816,2.5357,1.46067,1.26861,2.53554]
954,[1.7075,0,1.6,1.70847,1.49027e-05,1.59999,1.70828,0.0314988,1.5968,1.70703,1.49262,1.61193]
955,[1.38649,0,2.19707,1.59913,0.285454,1.6513,1.6023,1.79269,3.30403,1.34375,0.580947,2.20272]
956,[1.57715,0,1.6,1.6742,0.0686169,3.48635,1.48971,0.239527,3.34586,0.914658,1.52945,3.27147]
957,[1.6863,0,1.70676,1.6863,0.281323,1.70677,1.6863,5.86809e-08,1.70676,1.6863,0.281325,1.70677]
958,[1.46063,0,2.53445,0.730791,1.2674,2.53439,1.46063,1.26724,2.53442,0.730785,5.60197e-05,2.53441]
959,[1.69775,0,1.6,1.7048,3.60304,4,1.70461,0.00743434,1.59925,1.69774,9.91273e-09,1.6]
960,[1.57986,0,2.24135,1.57997,0.807924,1.68799,1.70104,0.650103,1.70086,1.70124,0.797599,1.68916]
961,[1.62512,0,1.71202,1.69857,0.110471,1.70466,1.69206,0.265372,1.7256,1.51342,1.31139,3.42809]
962,[1.77925,0,1.73361,1.58655,1.97356,2.91391,0.766939,0.353835,2.97904,1.6164,0.157724,1.52874]
963,[1.3097,0,2.28571,1.4502,5.72712e-08,2.18255,1.43784,0.0802604,2.27422,1.3519,1.65189,2.28284]
964,[1.70165,0,1.6,1.64121,8.54363e-05,2.6171,1.63335,0.195332,1.57978,1.70181,0.0788647,1.59211]
965,[1.56599,0,1.77778,1.76323,0.409478,1.55905,1.68165,2.2942,3.57472,0.831406,7.51833e-08,3.55205]
966,[0.76044,0,2.28571,1.72628,0.537034,1.7178,1.69581,0.595008,1.71166,1.73202,1.12349,2.29014]
967,[1.70299,0,1.6,1.70622,1.51782,1.65926,1.69939,1.33671,1.66228,1.69462,5.58155e-08,1.64284]
968,[1.63899,0,1.5823,1.76599,6.59605e-09,1.76178,1.69882,0.0062176,1.73553,1.5919,0.94744,2.50876]
969,[1.61453,0,1.6,1.61452,0.806754,3.46416,1.61882,1.13189,1.65141,1.61883,0.806738,3.46416]
970,[1.29036,0,2.28571,1.3575,2.91529,3.98995,1.35751,0.000377114,2.28565,1.29022,0.632539,2.48832]
971,[1.38735,0,2.24604,1.31558,1.20965,3.35919,1.48077,1.12784,3.35527,0.915898,2.30049,3.35062]
972,[1.74247,0,2.46612,0.740464,1.24918,2.45847,1.75757,0.147545,1.58525,1.69232,4.6951e-07,1.59808]
973,[1.54272,0,2.48987,1.54272,0.439376,1.85275,1.7595,9.42593e-08,1.49896,1.7595,0.439385,1.85275]
974,[1.59572,0,1.7713,1.69787,0.376129,1.70783,1.7036,0.494328,1.70143,1.59785,0.333634,2.23799]
975,[1.36462,0,2.18117,1.63609,9.14608e-08,1.6,1.69499,0.12939,1.58706,1.65433,0.460094,2.85097]
976,[1.68629,0,1.70678,1.68629,0.28151,1.70676,1.68629,6.75457e-05,1.70677,1.68629,0.281474,1.70677]
977,[1.53457,0,2.544,0.761131,1.41539,2.50635,1.53036,5.33486e-08,2.28571,0.795489,1.00655,2.31881]
978,[1.59901,0,2.73914,1.28248,1.37427,2.26955,1.36542,3.16316,3.89729,1.59083,0.155421,1.66646]
979,[1.5502,0,1.59453,2,0.627687,1.59526,1.55019,0.541319,3.19015,0.889711,1.68063,3.18956]
980,[1.74193,0,1.59972,1.69496,8.44441e-07,1.6,1.74756,1.14549,2.28485,0.761245,2.55137e-08,2.28571]
981,[1.70658,0,1.76897,1.70659,4.99996e-06,1.77777,1.7565,0.0635333,1.58656,1.7565,2.45357e-08,1.77778]
982,[1.69576,0,1.6,1.72885,1.13407,1.65177,1.72885,4.42059e-08,1.6,1.69576,1.23578,1.64047]
983,[1.4382,0,3.37107,1.43696,1.52586,2.57238,0.731973,0.227888,2.57676,1.4786,9.25984e-08,3.17676]
984,[0.763147,0,2.46177,1.73632,6.77958e-08,1.59438,1.62452,0.836067,2.11674,1.50676,1.19818,2.46697]
985,[1.64793,0,1.6,1.69885,1.31362,1.63181,1.70033,1.06362,1.6596,1.65402,0.328155,2.55839]
986,[1.70399,0,1.6,1.70556,0.161696,1.58383,1.70556,2.09824e-07,1.6,1.70398,0.221235,1.57782]
987,[1.70966,0,1.6,1.70966,0.386342,2.40324,1.45365,1.14628,2.16436,1.45365,0.386354,2.40324]
988,[1.45638,0,2.28571,0.712211,1.11481,2.29505,1.45423,1.08193,2.306,0.712375,2.24125,2.30347]
989,[1.70048,0,1.72963,1.63644,0.429799,2.59468,1.63643,0.000199855,1.72962,1.70049,0.108236,1.7147]
990,[0.762187,0,2.92053,1.67313,4.79047e-08,1.66925,1.65107,1.25238,2.08293,1.4813,1.48733,2.90253]
991,[0.786312,0,2.28571,1.60858,0.197052,1.73857,1.69711,0.118702,1.76459,1.70266,1.15111,2.28177]
992,[1.667,0,1.56174,1.7061,1.92755,2.94034,0.766088,0.622588,2.87419,1.50279,1.2718,2.17892]
993,[0.781342,0,2.28571,1.60428,0.320584,1.70654,1.69447,0.597306,1.64504,1.7376,1.08996,2.30334]
994,[1.50462,0,2.57905,1.57636,7.75171e-08,1.72091,1.6665,1.3304,2.56479,0.732506,0.0242545,2.57202]
995,[1.34408,0,2.28571,1.59935,6.69158e-08,1.54624,1.59904,0.00967662,2.28433,1.33978,0.677505,2.2852]
996,[1.55636,0,2.91987,0.758656,1.39022,2.91962,1.55571,1.42143,2.39352,0.748444,0.207712,2.39355]
997,[0.777604,0,3.10682,1.58459,8.26929e-08,1.5682,1.6903,2.24883e-10,1.56568,1.59467,1.63815,3.07086]
998,[1.41918,0,2.18419,1.3704,0.596558,2.18466,1.40815,2.22171,2.7099,1.40142,0.21199,2.25543]
999,[1.27152,0,2.54117,1.65806,1.27411,1.69389,1.6913,1.33711,1.69966,1.5951,1.26803,3.36103]
1000,[1.54334,0,3.08546,0.745737,1.45496,3.12257,1.60265,1.3842,2.24849,0.776302,0.246704,2.25047]
